tensor_name:  generator/g_bn1/gamma
[0.96047467 1.0134597  0.69519264 0.731254   0.9650717  0.68850833
 1.281748   0.7331923  0.6557339  0.83845407 0.7278404  0.65749943
 0.8051368  0.64166725 0.7955341  0.74692196 0.6397876  0.83397543
 0.99107146 0.8804761  0.6808319  0.7011218  0.7784686  0.6524707
 1.0544388  0.7829812  0.6529714  0.7338049  1.3081287  0.7257443
 0.7454124  0.7339558  0.760537   0.70542645 0.83118737 1.9051269
 0.9639242  0.74740624 0.7572655  1.0220447  0.74612635 1.1340628
 0.9430728  0.7452873  0.7193749  0.71951383 0.6193806  1.2519133
 0.8160266  0.7697437  1.0446856  0.9806263  0.6828327  0.9587028
 0.77592915 1.0875982  1.0693423  1.1854672  0.7950778  0.6482362
 0.7040653  0.6987617  0.8769443  0.7459822  0.69582903 1.1293467
 1.299559   0.803407   0.78752196 0.77095145 1.0293856  1.2229733
 1.018678   0.763291   0.78448254 0.7471077  0.90302014 0.73487127
 0.98335075 0.7851367  1.0852138  0.7262041  1.0768812  0.7036447
 0.95113176 0.73936594 0.71457875 0.7367679  0.98163414 0.65512264
 0.9603662  0.7907607  0.68205416 0.70376986 0.73030585 0.754982
 0.7395685  0.8081487  0.8479095  0.9327055  0.68048906 0.70523024
 1.2953122  0.6867765  0.61611986 0.73767924 0.76077557 0.65659106
 0.7794961  0.68115103 0.8312743  0.79391927 0.7140424  0.8409411
 0.96726876 1.2105365  0.6299818  0.87949306 0.77053666 0.9164629
 1.1690327  0.7439469  1.3112605  0.9858798  0.7855617  0.7150368
 0.6722361  0.86254954 0.73327374 0.71028006 0.6905123  0.9291702
 0.6689292  0.71440417 0.99872535 0.75474447 1.2041117  1.0311631
 0.9818473  0.891603   1.1758896  0.94814897 0.8609068  0.74255145
 0.83327824 0.79089016 0.72276187 0.7932565  0.7061568  0.86175126
 0.9697818  0.6052301  0.98160166 0.72343117 1.3638879  0.8416079
 0.75651926 0.66026455 0.66811264 0.7832813  1.3409051  0.80944204
 1.0933372  0.7081376  0.7903371  1.1462536  0.7333289  1.1232774
 0.80134904 0.75889224 0.6620697  0.8228647  0.7067749  0.94920707
 0.66375256 1.2305009  0.86665434 0.7289334  0.77499765 0.646799
 0.892602   0.70338607 0.7160989  0.728711   0.95123583 1.0348012
 0.7489246  0.77241296 0.79846877 0.7968248  1.0775499  0.75951
 1.2075284  0.98172307 0.94133705 1.301742   0.716384   0.7240608
 0.7579766  1.5125837  0.7252896  0.87209266 0.7479128  0.7393135
 1.0783085  0.69136095 0.8302386  0.7102265  0.77197814 0.7972567
 0.7239264  0.69184756 0.86747795 0.7548731  1.0065693  0.94969714
 0.80663735 0.67553574 0.85919964 0.9001938  0.67917955 1.2099183
 0.66300493 0.8047902  0.71241826 0.7072062  0.7400849  0.7586247
 0.848592   0.7188619  0.7942582  0.8576313  0.78825974 0.8282639
 0.79067683 0.8786201  0.96362704 1.2197305  0.6991337  1.1615558
 0.79046303 0.78606594 0.8087928  0.7412061  0.6799987  0.7370015
 0.68962127 0.8532475  0.7614466  0.6998049  0.6985123  0.68720806
 0.719214   0.76420367 0.6899864  1.0519176 ]
