tensor_name:  generator/g_bn2/gamma
[0.71652544 0.8884602  0.8951291  0.7820249  0.7150831  0.9048225
 0.7380094  0.8864642  0.6707695  0.6561604  1.0759494  0.7696125
 0.95094407 0.8018051  0.7036581  0.64086413 0.86912256 0.8459265
 0.70690334 0.8490444  0.7663974  0.7312533  0.7507366  0.7299012
 0.7878559  0.9237614  0.6873208  0.74015325 0.86891216 0.7464335
 0.7668002  0.80965775 0.9570586  0.8496604  0.676496   0.7620604
 0.77797705 0.7105201  0.81544054 0.74487936 0.6766656  0.8261386
 0.80119187 0.7322942  0.87308383 0.76365286 0.7771426  0.6945502
 0.78845507 0.7766322  0.80860394 0.7141668  0.71174175 0.678094
 0.9133781  0.8442327  0.9231215  0.7984791  0.7078224  0.8412219
 0.8517441  0.875719   1.1219956  1.0228667  0.96975464 0.72271746
 0.6917685  1.0384271  0.83521503 0.750857   0.7322254  0.72198224
 1.0142812  0.8896808  0.6975772  0.7355667  0.7566804  0.7580699
 0.96540034 0.89649606 0.7897609  0.8727846  0.8480515  0.7650797
 0.7092673  0.6696224  0.84209067 0.74574864 0.78481525 0.80072516
 1.2359419  0.8203976  0.8164232  0.70934176 0.6871832  0.69739395
 0.8642121  0.7417375  0.72548205 0.9298432  0.787201   0.7585741
 0.93047047 0.66382223 0.7146873  0.7511285  0.88749737 0.88923544
 0.71216834 0.9381907  0.89902353 0.7253843  0.7462306  0.74447465
 0.84895146 0.7517083  0.84531844 0.6941085  0.76022255 1.0730144
 0.88031816 0.82574505 0.720779   1.0626484  0.7170129  0.7865957
 0.7997573  0.85726815]
