tensor_name:  generator/g_bn3/gamma
[0.874224   0.9826664  0.9735832  0.7711976  0.64239955 0.77694166
 1.0261716  1.1318505  0.9279677  0.7006638  1.0155385  0.94460684
 0.6463896  1.0341084  1.1700889  0.98039526 1.0318762  0.98420525
 1.055991   0.9368366  0.8823061  0.795845   0.8643465  0.6523039
 0.8562273  0.84132016 1.0877514  0.84834176 1.042437   0.87616855
 0.904615   0.8945984  0.82428813 0.81763    0.86330277 0.7943851
 0.7616222  1.0204034  0.85518414 0.8391975  0.8361278  0.7117971
 1.1005671  0.90710634 0.7697832  0.9437398  0.74872595 0.9904623
 0.95753646 0.7955924  0.987853   0.9456404  1.180832   1.1493727
 0.7189096  0.9594629  1.1352128  1.2990286  0.9989689  0.95719737
 0.85540247 0.84444267 0.9244191  0.8252324 ]
