tensor_name:  generator/g_bn2/beta
[-0.5158726  -0.18129335 -0.3133446  -0.5167866  -0.51460415 -0.40762988
 -0.30433664 -0.20520087 -0.47381258 -0.49446526 -0.95650405 -0.8443724
 -0.8737128  -0.39642745 -0.5204907  -0.50529635 -0.7341309  -1.0414356
 -0.58342516 -0.57027584 -0.4129625  -0.50328106 -0.46636075 -0.29142588
 -0.43290028 -0.5269897  -0.5364755  -0.5248419  -0.34963652 -0.760338
 -0.5846348  -0.54792374 -0.5054851  -0.59089714 -0.48769966 -1.065033
 -0.6588307  -0.53312516 -0.63728106 -0.69748425 -0.52507323 -0.62208456
 -0.5095897  -0.5912904  -0.36678776 -0.60449314 -0.5240187  -0.57414204
 -0.6736278  -0.5840589  -0.6459073  -0.6593455  -0.54819196 -0.42073098
 -0.45414564 -0.81155485 -0.63548154 -0.31385672 -0.1633969  -1.0834689
 -0.254963   -0.8119447  -0.8399423  -0.9416724  -1.0928028  -0.4841891
 -0.7735923  -0.76833653 -0.76242155 -0.5589705  -0.52372044 -0.66935974
 -0.72899723 -0.26712763 -0.52913594 -0.43100566 -0.522364   -0.40538976
 -0.8739537  -0.61152893 -0.5551183  -0.5170899  -0.94290924 -0.5405509
 -0.48887876 -0.5386113  -0.56277    -0.52285993 -0.49463975 -0.66580844
 -0.7689262  -0.47231984 -0.3694582  -0.39331794 -0.44996887 -0.35841858
 -0.6037895  -0.4119726  -0.5602737  -0.8258996  -0.26358357 -0.44920346
 -0.7609231  -0.7561542  -0.66174644 -0.5952739  -0.37386185 -0.6077744
 -0.3651047  -0.7066734  -0.67613375 -0.68416923 -0.4538023  -0.7351372
 -0.2322486  -0.53214955 -0.45792267 -0.5237083  -0.3762728  -0.6849159
 -0.59532285 -0.5926541  -0.4886764  -0.8483898  -0.5744646  -0.52476865
 -0.58328414 -0.73710823]
