tensor_name:  generator/g_bn1/beta
[ 0.0230561  -0.8319906  -0.4916908  -0.4698309  -0.4479563  -0.39691362
 -0.3537992  -0.39710036 -0.42534903 -0.28492272 -0.4295682  -0.50868833
 -0.34136245 -0.5384001  -0.34576523 -0.39074612 -0.56860834 -0.3853531
 -0.6153015  -0.10240027 -0.46106583 -0.49150717 -0.39861688 -0.45809883
 -0.5040499  -0.36411765 -0.5464375  -0.4020268  -0.59429795 -0.32099992
 -0.3272385  -0.37709644 -0.39652035 -0.41931048 -0.12227219  0.75463134
 -0.13712813 -0.4009458  -0.39357865 -0.78711766 -0.3589196  -0.7663717
 -0.44766814 -0.4515919  -0.52108973 -0.38213304 -0.5464487  -0.46385437
 -0.37888825 -0.43390554 -0.6897794  -0.3520685  -0.42370012 -0.38071504
 -0.12636513  0.09690298 -0.49260667 -0.7061662  -0.551009   -0.43645707
 -0.6001261  -0.38618967 -0.17133732 -0.36008373 -0.5046345  -0.67569613
 -0.6742281  -0.4285159  -0.38938364 -0.37057504 -0.5179324  -0.4092874
 -0.14087048 -0.70686835 -0.64728326 -0.322298   -0.33180714 -0.44195125
 -0.3371476  -0.40144995 -0.7058553  -0.34150636 -0.5304717  -0.48283762
 -0.1911097  -0.39531523 -0.4386507  -0.4886038  -0.6178021  -0.5104182
 -0.1250647  -0.46052966 -0.45848396 -0.38669848 -0.44778022 -0.44907722
 -0.38378647 -0.40680552 -0.44893706 -0.15053107 -0.43433574 -0.4571683
 -0.9522535  -0.4371594  -0.5251068  -0.4429044  -0.4102798  -0.5503693
 -0.45520037 -0.4414983  -0.46681395 -0.27885497 -0.50331414 -0.416495
 -0.79694116  0.1386671  -0.48955676 -0.43107444 -0.19031799 -0.37548026
  0.19438913 -0.3253046  -1.0446652  -0.27082142 -0.2563206  -0.4072454
 -0.45965838 -0.47448915 -0.2556412  -0.39667633 -0.3741182  -0.15685298
 -0.5049544  -0.39710292 -0.5101469  -0.49325678 -0.72659105 -0.2424602
 -0.49757123 -0.4247771  -0.14818566 -0.5928049  -0.24785984 -0.50703394
 -0.3594275  -0.27994215 -0.40978235 -0.43381882 -0.48873094 -0.40068698
 -0.16216937 -0.5442273  -0.54256207 -0.4262311   0.5690302  -0.31255496
 -0.5320066  -0.42926717 -0.4709095  -0.30854657 -1.1185917  -0.31509012
 -0.60413957 -0.33222046 -0.17195989 -0.8383507  -0.40814397 -0.9398746
 -0.36455664 -0.4023347  -0.44023755 -0.3612405  -0.48408765 -0.20372066
 -0.4271053  -0.7907336  -0.58222485 -0.6173807  -0.35392082 -0.4984282
 -0.30677465 -0.43239564 -0.3317709  -0.4987927  -0.20202886 -0.5686771
 -0.34857953 -0.4615397  -0.37213203 -0.5340587  -0.6151544  -0.44697943
 -0.9681782  -0.8556694  -0.21255878 -0.7778753  -0.4683997  -0.47395992
 -0.39728248 -0.04505162 -0.36912236 -0.50649834 -0.533105   -0.51905715
  0.15184355 -0.41858882 -0.43119475 -0.28661865 -0.5154698  -0.59991896
 -0.40088868 -0.41839454 -0.5190684  -0.29246438 -0.17633234 -0.29000252
 -0.54169565 -0.42440307 -0.5953141  -0.08055469 -0.51718473 -0.7445544
 -0.49813294 -0.26049802 -0.4019777  -0.36418355 -0.36247352 -0.27134302
 -0.48733783 -0.35175094 -0.21021433 -0.11156862 -0.2680287  -0.44859585
 -0.26229653 -0.12104588 -0.07752498 -1.0055137  -0.41814893 -0.71009696
 -0.291149   -0.45447287 -0.36818    -0.40744394 -0.4685242  -0.46852112
 -0.47443277 -0.38548288 -0.31946412 -0.3828561  -0.46544597 -0.45857564
 -0.4524607  -0.39313728 -0.4431073   0.00606335]
