tensor_name:  generator/g_h4/w
[[[[ 5.24294749e-03  5.08140698e-02  7.29596475e-03  6.96662534e-03
     2.83173919e-02 -7.89496023e-03  5.35741728e-03  2.35870238e-02
     4.80880588e-03  4.60406430e-02 -2.28332747e-02 -3.29399556e-02
    -1.59835685e-02 -4.50852513e-03  1.21265370e-02 -1.14156855e-02
    -7.88068306e-03  1.31070232e-02  1.07183103e-02 -1.22348174e-01
     1.65199656e-02 -6.44282326e-02 -6.42628297e-02 -6.02608882e-02
     2.07027141e-02  5.41512817e-02  2.55126934e-02 -1.75665237e-03
    -1.42055247e-02 -1.25753535e-02 -2.89928280e-02 -1.25568481e-02
     1.53300874e-02 -2.86024157e-03 -4.93385969e-03 -1.23269474e-02
    -5.63962734e-04  5.44617185e-03 -3.76043213e-03 -1.12156738e-02
     9.14938003e-03 -3.04520112e-02 -3.49158868e-02 -1.26646217e-02
    -2.63253367e-03 -2.37491503e-02 -1.65105760e-02 -8.23714864e-03
     1.33244507e-02  2.59724688e-02  1.19831669e-03  6.40783384e-02
    -1.10968500e-02  1.48277339e-02 -2.84976419e-02 -5.04379673e-03
     1.73054431e-02  1.36301788e-02  9.01768804e-02  1.99011005e-02
     6.87987581e-02  5.14006149e-03  2.43420736e-03 -1.94521751e-02]
   [-1.48398685e-03  5.48606776e-02 -1.52706299e-02  2.71218121e-02
    -1.63495876e-02  4.84430185e-03  3.68581824e-02  2.81638224e-02
     1.06108021e-02  2.60632820e-02 -7.03724381e-03 -5.23561165e-02
    -1.25889275e-02  3.93507117e-03  5.86928101e-03 -9.59169399e-03
    -5.38744312e-03  1.44548193e-02  7.54512008e-03 -1.10247597e-01
     2.63048168e-02 -8.28570500e-03 -5.18375859e-02 -6.38253465e-02
    -5.93206566e-03  5.90879917e-02  4.23236042e-02 -7.77165079e-03
    -8.63286667e-03 -4.31971326e-02 -1.27895363e-02 -1.38219437e-02
     1.80134606e-02 -1.60795520e-03 -1.27393175e-02 -5.14274510e-03
    -1.50409043e-02  1.03930151e-02 -1.90293021e-03 -7.24300230e-03
     6.56864094e-03  1.18861429e-01 -3.07394564e-02  8.28834623e-03
     1.75967179e-02 -5.24973162e-02 -3.10986713e-02 -8.32813384e-04
     1.28813656e-02  2.04048418e-02  8.08703620e-03  6.16555959e-02
    -1.37654655e-02  2.49699038e-02 -1.82298459e-02 -9.98526998e-03
     2.68067978e-02  7.16279121e-03  1.16901323e-01  7.98161514e-03
     8.54185149e-02  1.40359551e-02  1.23893507e-02 -1.60928592e-02]
   [-9.70616844e-03  4.24868427e-02  1.27751371e-02 -2.43104678e-02
    -2.70470046e-02 -4.90120659e-03 -7.69559294e-03  1.55579373e-02
     1.12967752e-02  6.59032119e-03 -1.06483316e-02 -4.28074524e-02
    -7.33269565e-03 -7.30871782e-03  1.22864004e-02 -1.62430797e-02
    -5.61433891e-03 -1.11378562e-02  4.96347854e-03 -1.01909757e-01
     1.92572828e-02  1.78993251e-02 -6.92113861e-02  2.62751733e-03
     1.99779198e-02  4.94584218e-02  1.55000668e-02 -2.03715190e-02
    -1.15474053e-02 -4.10476848e-02 -1.90116577e-02 -1.34190423e-02
    -1.41206256e-03 -1.05051538e-02 -2.57418654e-03 -2.54264288e-02
    -6.58482825e-03  6.76021306e-03 -1.18389204e-02  6.30824780e-03
     1.03268372e-02  5.81814274e-02 -2.92301588e-02 -4.39696992e-03
     6.36336906e-03 -1.83635037e-02  1.21753081e-04 -8.06291215e-03
     1.35093397e-02  1.96371414e-02  7.13435607e-03  6.29114807e-02
    -7.44173396e-03  1.29994284e-02 -7.76364282e-03  2.57955119e-02
     1.74624939e-02  1.03283739e-02  8.47249031e-02  2.42370646e-02
     7.69901276e-02  4.92051616e-03 -7.89645221e-03 -9.77587514e-03]]

  [[ 1.18077220e-02 -1.16460145e-01 -1.54486354e-02  1.71345007e-02
    -2.13328283e-02 -4.08469327e-02  8.65516486e-04  3.88017483e-02
     1.64977640e-01  1.20115168e-02 -4.06608284e-02 -7.17652217e-02
     2.67029367e-02 -3.33915241e-02  4.75902520e-02 -4.61731404e-02
     4.14517336e-02  4.90303077e-02  1.33424634e-02 -1.60725027e-01
    -5.43163233e-02 -1.31458625e-01 -2.18265038e-02 -1.43858353e-02
     2.17220709e-02 -2.24686097e-02  6.43754527e-02  1.04029916e-01
     5.32110445e-02  1.75436318e-01 -2.77850889e-02 -2.54673418e-02
     8.85158498e-03  8.25756136e-03 -1.88765302e-02  2.21066177e-03
     5.65791056e-02  9.62022133e-03  4.70793024e-02  1.17716594e-02
     7.22268829e-03 -4.33336236e-02 -4.29471023e-02 -4.69204336e-02
     2.12770607e-02  7.52303898e-02 -1.43771498e-02 -3.49298008e-02
     6.79372326e-02  1.44785810e-02  3.16074267e-02  7.99777806e-02
    -4.24679331e-02  4.73239385e-02 -6.00139648e-02 -1.26429209e-02
     3.89678702e-02  5.22493497e-02  8.94017294e-02  2.35917792e-02
     9.05581284e-03  3.96669656e-02 -1.55454054e-02  3.02552599e-02]
   [ 1.66008100e-02 -1.23969942e-01 -8.52330029e-02 -7.02771470e-02
    -3.41745540e-02 -3.22304145e-02  1.10266179e-01  3.87517847e-02
     1.22709312e-01 -8.36898834e-02 -2.11622901e-02 -6.42160997e-02
     1.36660729e-02 -2.37139855e-02  4.35008071e-02 -5.49238212e-02
     9.59935412e-03  4.23017666e-02  2.99745984e-02 -1.52769446e-01
    -6.53632954e-02 -6.09788150e-02 -6.47244453e-02  9.61901806e-03
     4.03283797e-02 -3.01759709e-02  7.60904551e-02  5.87747917e-02
     4.14586179e-02  1.33006096e-01 -9.43291280e-03 -1.12481276e-02
     2.58417856e-02  1.12443762e-02 -2.86626257e-02 -1.80205163e-02
     1.72755364e-02  1.35530587e-02  1.35631934e-02  1.38811097e-02
     3.05838250e-02  6.74118996e-02 -3.87338176e-02 -1.60519909e-02
     4.13888730e-02  5.98794259e-02 -2.29383111e-02 -2.85797492e-02
     3.56511585e-02  6.14604400e-03 -4.57134889e-03  9.64365602e-02
    -3.28725092e-02  4.86049540e-02  2.39424431e-03  2.09249817e-02
     4.59026024e-02  5.19918054e-02  7.90000483e-02  2.52168812e-02
     1.87895279e-02  6.52383221e-03 -2.42115576e-02  4.29850668e-02]
   [ 1.62683129e-02 -1.16121389e-01 -1.93156358e-02 -9.66032669e-02
     1.30473375e-02 -2.94049885e-02 -3.63410963e-03  3.42649221e-02
     1.51318684e-01 -1.01462035e-02 -1.04436371e-02 -4.49654683e-02
    -1.82082225e-02 -3.10229473e-02  4.45973724e-02 -6.31914809e-02
    -2.18304084e-03 -2.05761287e-02  1.18079744e-02 -1.51355103e-01
    -6.57343790e-02 -9.50378366e-03 -2.14098189e-02 -6.08059317e-02
    -1.39512504e-02 -1.10283624e-02  5.04186600e-02 -1.47207603e-02
     5.02974615e-02  1.56310603e-01 -1.33514833e-02 -3.97423990e-02
    -3.98095399e-02  5.50690852e-03 -3.44052389e-02 -3.53964567e-02
     2.11792402e-02  2.41350420e-02 -1.31403301e-02  4.27257866e-02
     2.80868188e-02  1.07307017e-01 -4.20673974e-02 -2.04135310e-02
     3.56305949e-02  5.66229559e-02 -2.70439778e-03 -3.80338803e-02
     3.04165296e-02 -9.97533835e-03  3.33754644e-02  9.60515514e-02
    -4.21676487e-02  3.57330739e-02  7.95294717e-03  5.83384670e-02
     3.48421596e-02  3.75407785e-02  9.23498645e-02  2.74017230e-02
     3.17646563e-02  8.40666611e-03 -1.91847850e-02  3.87776233e-02]]

  [[-1.94613624e-03 -8.32245424e-02 -1.06754871e-02  2.03823075e-02
     3.21474262e-02  1.59501825e-02  1.08218817e-02  4.49112281e-02
     8.09853431e-03  1.55231934e-02 -5.19082770e-02  8.87568891e-02
     2.63099298e-02 -3.13450731e-02  4.68709953e-02 -3.48556601e-02
     6.27511144e-02  3.02367713e-02  3.27396840e-02 -4.79585156e-02
    -8.59319195e-02 -1.31781757e-01  1.38905481e-01 -6.48542047e-02
     3.54571529e-02 -1.19701587e-02  1.14619307e-01 -3.24638747e-02
     6.45495430e-02  2.94633629e-03 -3.66943218e-02 -2.70190202e-02
     7.99730886e-03 -2.66623553e-02 -5.88353490e-03 -1.47444736e-02
     3.51700224e-02  4.25235294e-02  4.59125601e-02 -1.51411695e-02
     1.98517367e-02 -1.84381716e-02 -5.96943684e-02 -5.53648248e-02
     3.16965058e-02  4.18059491e-02  1.88199058e-02 -2.16351580e-02
     5.60206436e-02  4.89623658e-02  4.19330560e-02  9.97642428e-02
    -4.93636243e-02  6.03500567e-02 -2.10571121e-02 -9.43505764e-03
     4.14682664e-02  5.34984209e-02  1.79129113e-02 -5.59683889e-02
    -1.03599511e-01  5.52407950e-02  1.34499148e-01  6.39380468e-03]
   [-4.53016907e-03 -1.02701381e-01 -6.87825754e-02 -4.62207571e-03
    -7.78727932e-03 -9.59113333e-03  9.81078297e-02  4.96859923e-02
     1.46637741e-03 -9.05677900e-02 -3.99896353e-02  7.51325339e-02
    -1.88702401e-02 -2.60486640e-02  3.81798595e-02 -2.85109356e-02
     3.63439042e-03  2.17035655e-02  3.07451561e-02 -7.08656162e-02
    -8.56116787e-02 -5.12252785e-02  1.32993162e-01 -2.85338406e-02
     2.00898256e-02 -1.02929184e-02  1.20888516e-01 -1.37473159e-02
     7.48702735e-02  2.87873913e-02 -2.53044348e-02 -2.56762560e-02
     2.94556166e-03 -2.45093331e-02 -1.66429132e-02 -3.23135518e-02
     2.59762257e-03  5.31147309e-02  9.38621815e-03  2.27369294e-02
     5.08009009e-02  9.18861032e-02 -6.11324944e-02 -4.13705967e-02
     9.44996625e-02  1.56857464e-02 -2.29729041e-02 -9.79192555e-03
     4.42921519e-02  9.67834610e-03  8.42493027e-03  9.48675275e-02
    -4.69740294e-02  5.64068407e-02  1.60825867e-02  1.81445647e-02
     3.37494090e-02  4.22479436e-02  2.50405073e-02 -4.94264923e-02
    -1.26304105e-01  2.40834989e-02  1.68332696e-01  8.23307130e-03]
   [-5.54090878e-03 -1.14375584e-01  1.01280631e-03 -8.66515934e-02
     2.48537224e-04  2.08865050e-02 -1.00426283e-02  4.08320129e-02
     1.41610345e-02 -3.84364203e-02 -3.94899286e-02  9.62820947e-02
    -2.53450125e-02 -2.60439608e-02  3.48324925e-02 -4.20453548e-02
     1.41983824e-02 -3.25541496e-02  1.68625023e-02 -3.88058759e-02
    -7.85868242e-02 -1.39875328e-02  1.50770918e-01 -4.95833829e-02
     5.85033267e-04 -7.03590363e-03  9.15960222e-02 -4.95314896e-02
     5.63838966e-02  1.76494718e-02 -1.09968493e-02 -3.39881033e-02
    -3.34392264e-02 -2.54641753e-02 -3.10520679e-02 -4.31439541e-02
     1.78792272e-02  4.45670001e-02  4.25027683e-04  4.42179665e-02
     2.87735183e-02  1.07267536e-01 -5.00068329e-02 -2.81781740e-02
     7.24792778e-02  2.88019273e-02 -9.76648182e-03 -2.70398818e-02
     3.56314220e-02  5.61889587e-03  4.32887152e-02  1.17196158e-01
    -4.32024300e-02  4.38842364e-02  2.09055506e-02  6.70289546e-02
     3.90841737e-02  4.09637354e-02  1.78454891e-02 -3.99694778e-02
    -9.91641432e-02  1.72559060e-02  1.47981003e-01  1.32799633e-02]]

  [[-5.33398725e-02  5.33390557e-03 -7.27923913e-03  3.82610364e-03
     1.50258269e-03 -4.43137959e-02  5.66070247e-03  2.26214938e-02
    -3.98170985e-02  6.48717023e-03 -3.96159887e-02  1.13553882e-01
    -3.54060647e-03 -4.19029854e-02  1.87932402e-02 -1.54919941e-02
     4.22779582e-02  4.29849289e-02  5.31351604e-02  5.91209084e-02
     2.69061886e-02 -1.27006933e-01  1.29589383e-02  1.70878544e-02
     5.39028039e-03 -1.29369143e-02  1.01009764e-01 -5.89594841e-02
     1.01064466e-01 -6.05941974e-02 -2.75199898e-02 -2.32365280e-02
     1.82471983e-02  3.50701902e-03  6.63683377e-03  1.18843392e-02
     3.67126167e-02  2.06406917e-02 -2.33924575e-03 -4.77035297e-03
    -3.55996453e-04  5.01757078e-02 -3.26384977e-02 -3.95038798e-02
     1.35707585e-02  4.22707312e-02 -3.28068808e-02 -2.73032933e-02
     3.55872884e-02  3.46079767e-02  9.89268627e-03  8.33430737e-02
    -3.09308600e-02  4.47313637e-02  1.65050719e-02 -6.76765805e-03
     2.58574430e-02  3.71585526e-02 -3.36322971e-02 -9.50143486e-02
     3.84735968e-03  2.70210616e-02  3.70292403e-02  2.36967355e-02]
   [-6.90009668e-02  1.04646506e-02 -7.46454224e-02 -1.33402394e-02
    -1.32682426e-02 -4.36657108e-02  8.40504393e-02  2.43858304e-02
    -4.22064811e-02 -7.54743814e-02 -1.02921827e-02  1.08151950e-01
     4.55123521e-02 -4.69718799e-02  6.09413488e-03 -2.48767994e-02
     4.26923437e-03  1.11294650e-02  6.24282137e-02  4.35743332e-02
     2.69143153e-02 -1.00752331e-01 -2.11052727e-02  9.61792469e-03
     1.09431585e-02 -6.82226941e-03  1.01069845e-01 -1.81382596e-02
     1.08984590e-01 -7.13555366e-02 -2.93914019e-03 -1.25666428e-02
     4.35431972e-02  2.02051969e-03 -1.45512605e-02  6.30450109e-03
     8.50404147e-03  1.44053586e-02  1.93218961e-02 -1.73597969e-02
     2.97337901e-02  6.23036548e-02 -2.95511857e-02 -1.34031586e-02
     6.46600500e-02  4.66127172e-02 -3.49288210e-02 -3.21419798e-02
     4.45915312e-02  1.26605229e-02 -1.12340767e-02  6.87237680e-02
    -3.11843436e-02  4.20699716e-02  3.00416723e-02  2.80919787e-03
     2.86119711e-02  3.99725772e-02 -3.71940732e-02 -1.13143906e-01
     4.48594708e-03 -1.46195514e-03  2.49106921e-02  3.11449897e-02]
   [-5.67128323e-02  1.16624834e-03 -8.70392565e-03 -7.37994313e-02
    -2.69496394e-03 -2.33221352e-02 -1.19030094e-02  1.53278643e-02
    -4.61850613e-02 -1.77471265e-02 -2.90609002e-02  1.12996735e-01
    -2.05042418e-02 -3.99935506e-02  1.28469849e-02 -2.54436340e-02
     1.04771648e-02 -1.89623088e-02  3.09731737e-02  6.82016313e-02
     2.56012604e-02 -2.73951236e-02  1.49612278e-02 -1.33535927e-02
    -7.23926397e-03 -2.23637223e-02  9.00841653e-02 -8.13728943e-03
     8.70468765e-02 -8.66914243e-02 -1.21011864e-02 -3.12544443e-02
    -2.00621821e-02  4.83505195e-03  3.51246307e-03 -9.06108692e-03
     1.77725852e-02  2.55410355e-02 -1.89727247e-02  1.09706726e-02
     1.42736398e-02  3.77691947e-02 -3.40748988e-02 -1.65920351e-02
     4.59977016e-02  4.70142365e-02 -2.41608564e-02 -3.14548798e-02
     1.85502712e-02  1.89613122e-02  1.34625640e-02  8.21036249e-02
    -3.40655968e-02  3.24428231e-02  1.42610036e-02  3.64006311e-02
     2.37920024e-02  2.96113789e-02 -1.68048348e-02 -1.05455957e-01
     1.13698160e-02  2.75071478e-03  2.73305289e-02  2.59711482e-02]]

  [[-7.70023093e-02  1.52180148e-02 -3.97854438e-03  9.53386817e-03
    -3.60430148e-03  9.08973336e-04  5.23526827e-03 -2.38289125e-03
     6.11562398e-04 -1.03583820e-02 -1.13466373e-02  2.12050155e-02
    -2.12276578e-02 -2.11988818e-02  4.90699662e-03 -7.40703521e-03
     1.55994892e-02  1.08343996e-02  4.28512096e-02  2.88414899e-02
     4.13765609e-02 -2.27048062e-02 -2.61620693e-02  1.99179370e-02
     1.79403704e-02 -1.02106938e-02  3.34507599e-02 -2.67296769e-02
     7.32452720e-02 -3.45524470e-03 -1.02595752e-02 -2.34533986e-03
     1.33022526e-02  4.34728805e-03  5.41623915e-03  8.79314821e-03
     2.77916789e-02  2.67090872e-02  3.15509969e-03 -2.59522926e-02
    -2.65718307e-02  4.89658397e-03 -1.45682162e-02 -1.56827811e-02
    -1.33353649e-02  3.28475572e-02  3.73371355e-02  2.33631479e-04
     1.15419244e-02 -6.39831368e-03 -7.87652843e-03  6.09406494e-02
    -2.22404394e-02  4.29665158e-03  2.68105194e-02 -4.50046919e-03
    -2.80826632e-03  1.11838663e-02 -1.92560423e-02 -9.13260356e-02
     4.10593227e-02  2.04235548e-03 -1.35301799e-01 -1.75945871e-02]
   [-8.83089229e-02  3.26597802e-02 -4.58192006e-02  4.57248911e-02
    -1.55202048e-02 -2.19137967e-02  5.19647710e-02  2.72234809e-03
    -6.55402197e-03 -4.42670360e-02  2.40892812e-04  3.32030877e-02
    -2.68108137e-02 -1.10339625e-02 -2.64452596e-04 -1.13394624e-02
    -2.12452910e-03  8.36897735e-03  3.68340462e-02  1.09320171e-02
     4.36715335e-02 -1.05129667e-02 -3.54780108e-02  3.30730937e-02
     4.05891687e-02 -1.81408990e-02  5.26930653e-02 -8.82964861e-03
     7.16561675e-02 -6.44035870e-03 -5.45169972e-03  1.56694390e-02
     1.90132353e-02 -4.77843219e-03 -3.41097941e-03 -6.33350015e-03
     9.48759075e-03  1.82233304e-02  1.50468489e-02 -1.47283021e-02
    -9.30019747e-03  1.53806154e-02 -3.69723514e-03  3.20077059e-03
    -2.97844387e-03  2.37032212e-02  6.87260507e-03  3.82429967e-03
    -2.93552107e-03 -1.32765691e-03 -1.71847129e-03  4.32175584e-02
    -1.76850483e-02  5.64660039e-03  4.96541560e-02 -2.20060255e-02
     2.33212090e-03  2.01311987e-02 -2.22526602e-02 -1.04212180e-01
     3.91518101e-02  9.08016879e-03 -1.51842162e-01 -1.76800340e-02]
   [-9.13973600e-02  1.59169063e-02 -5.81794046e-03  3.50989006e-03
    -1.42860925e-02 -1.15154835e-03 -6.54099556e-03 -4.19632124e-06
     2.78312829e-03 -1.39942830e-02 -7.82949664e-03  2.74471119e-02
     4.10953956e-03 -1.77208614e-02  1.21681183e-03 -5.34641556e-03
     4.32779919e-03 -1.11470027e-02  2.80585792e-02  7.66730821e-03
     2.89496332e-02 -1.63276009e-02 -2.80973073e-02  1.89426150e-02
     7.00607197e-03 -8.86581093e-03  4.54292037e-02  1.40868071e-02
     7.81651139e-02  1.01912050e-02 -5.03807422e-03 -3.32710985e-03
    -7.78876524e-03  3.14832618e-03  6.44415664e-03  1.67667847e-02
     3.57297324e-02  2.21774690e-02 -3.61668295e-03 -7.08281761e-03
    -1.48942778e-02  2.04649214e-02 -5.89568540e-03 -1.43663352e-02
     3.07156462e-02  2.00326350e-02  4.04307910e-04  1.65755139e-03
    -1.78423827e-03 -4.90668230e-04 -2.54779239e-03  6.81692064e-02
    -1.63023826e-02  4.88468399e-03  3.36126499e-02  1.06572853e-02
    -4.22349339e-03  1.63370539e-02 -1.92486104e-02 -9.12673324e-02
     4.58794348e-02  1.34971202e-03 -1.51189491e-01 -2.47495696e-02]]]


 [[[ 9.53070237e-04  1.47258535e-01 -1.03987493e-02  3.98939773e-02
     9.78460535e-03 -8.09903350e-03  1.03516523e-02  3.19595039e-02
    -3.77252363e-02  4.67180312e-02 -9.72464308e-02 -5.15368581e-02
    -1.10947276e-02 -2.55648065e-02  5.85256405e-02 -4.78914194e-02
     4.23789769e-02  3.38606536e-02  6.38017338e-03 -5.95782325e-02
     4.66006361e-02 -1.35091931e-01 -5.30210137e-02 -5.56915328e-02
     3.02160699e-02  1.01978540e-01  8.05320814e-02  8.08899924e-02
     2.15796828e-02  2.56093033e-02 -3.27797942e-02 -2.55249459e-02
     2.07695905e-02 -9.82553512e-03 -3.27474438e-02 -1.26045635e-02
     6.34595938e-03  1.32953329e-02  1.28236627e-02 -1.33629004e-02
     1.11318333e-02 -5.70859723e-02 -5.04916012e-02 -3.13912332e-02
     1.15299970e-02 -1.52470425e-01  1.13521479e-02 -2.50012651e-02
     3.05420160e-02  4.35811561e-03  4.17882949e-02 -8.92459793e-05
    -3.95935439e-02  5.12981936e-02 -4.91480641e-02 -2.70574745e-02
     4.37635146e-02  6.20951727e-02  1.23031959e-01  2.69019827e-02
     4.93546836e-02  4.34690788e-02 -5.62271848e-03 -2.91032866e-02]
   [ 1.39577501e-02  1.48440614e-01 -6.02176674e-02  1.19318860e-03
    -3.65543962e-02 -1.48039907e-02  1.17938556e-01  4.79816385e-02
    -1.59735680e-02 -1.96587220e-02 -6.55026361e-02 -4.65143993e-02
    -5.19026145e-02 -2.26884838e-02  6.54253289e-02 -3.92513350e-02
     5.25600836e-03  3.11879329e-02 -4.14675626e-04 -7.07811937e-02
     3.81285325e-02 -8.76420587e-02 -4.61783819e-02 -7.30612800e-02
     3.88680659e-02  9.29224938e-02  7.80822262e-02 -2.15646066e-02
     4.21163486e-03  5.28088398e-03 -1.31452009e-02 -1.72373764e-02
     9.38426424e-03 -9.46211349e-03 -3.34801450e-02 -2.29795296e-02
    -4.76688705e-02  1.70974843e-02 -1.96444392e-02 -1.31949061e-03
     2.56566182e-02  8.65823105e-02 -4.44780737e-02 -1.66603364e-02
     3.30055133e-02 -1.85555011e-01 -2.40917765e-02 -1.49764037e-02
     3.11868116e-02  4.06854525e-02  1.52140576e-02 -1.20272674e-02
    -2.61120945e-02  6.04104139e-02 -2.46944167e-02 -6.34197239e-03
     4.53593209e-02  5.34847565e-02  1.42675251e-01  2.24405453e-02
     5.35136946e-02  2.28941664e-02 -7.34385615e-03 -7.92761520e-03]
   [ 5.07842656e-03  1.45774901e-01 -1.18912673e-02 -7.70463943e-02
    -4.24915515e-02  1.26537951e-02 -5.19283069e-03  3.47314663e-02
    -4.31605168e-02  1.57127075e-03 -5.94011322e-02 -3.19415182e-02
    -1.59703940e-02 -2.49161851e-02  5.78488670e-02 -6.20362237e-02
     4.42426791e-03 -3.38034593e-02  9.64299310e-03 -5.53916879e-02
     2.85084154e-02 -1.33246193e-02 -6.64257631e-02 -3.92451622e-02
    -1.61224958e-02  9.77365971e-02  8.11631531e-02 -3.33533697e-02
     9.34816245e-03  1.20696211e-02 -9.07625817e-03 -4.36414629e-02
    -2.44628787e-02 -1.21050300e-02 -5.19623756e-02 -3.29281427e-02
    -3.28087318e-03  1.15726050e-02 -1.38239870e-02  1.61725786e-02
     2.38559023e-02  1.08998351e-01 -4.71346863e-02 -6.03054557e-03
     3.96732427e-02 -1.63347155e-01 -7.29680294e-03 -2.63781827e-02
     9.31558013e-03  5.87672740e-03  4.20276821e-02  3.14501859e-03
    -3.20453644e-02  4.38416637e-02 -5.94556239e-03  6.03580587e-02
     4.02659476e-02  4.84983958e-02  1.19588941e-01  2.82807928e-02
     6.20300621e-02  1.95782501e-02 -3.58896027e-03 -2.19511497e-03]]

  [[ 7.26696802e-03  7.43208528e-02 -3.18978317e-02  2.94899736e-02
    -6.07828517e-03 -6.54972345e-03  2.89062876e-02  8.48736987e-02
     2.45313153e-01  1.94179192e-02 -1.73716262e-01 -2.88712159e-02
    -3.48756998e-03 -7.90414661e-02  1.11872330e-01 -7.18631595e-02
     1.41272753e-01  7.10634738e-02  4.80391905e-02 -2.19988078e-01
    -1.41153976e-01 -1.40990004e-01 -1.31094560e-01 -1.68220308e-02
     6.12247251e-02 -1.99154783e-02  2.02193752e-01  3.37149292e-01
     1.13927171e-01  2.35773385e-01 -6.92953020e-02 -4.61550094e-02
     6.17376380e-02  4.35253642e-02 -3.20257321e-02 -3.33584903e-04
     6.60299510e-02  3.69154960e-02  7.79136121e-02 -5.28677478e-02
     4.05893587e-02 -1.89657241e-01 -8.48182142e-02 -7.30946735e-02
     1.31072663e-03 -3.78348827e-01  3.53088230e-02 -8.71247202e-02
     9.81091857e-02  9.37963277e-02  6.44804016e-02  5.84055372e-02
    -9.48672369e-02  1.34427667e-01 -8.19029063e-02 -5.69921546e-02
     9.14449990e-02  1.09268434e-01  1.84269801e-01 -4.82145064e-02
     8.30375031e-02  9.79307741e-02  7.97972679e-02  8.40873867e-02]
   [ 1.86436996e-03  1.06658161e-01 -1.62296593e-01 -2.20964495e-02
     1.05301961e-02 -5.05338535e-02  2.19243437e-01  8.92355889e-02
     2.08867386e-01 -1.02959514e-01 -1.39650166e-01 -2.10382082e-02
    -2.87987087e-02 -6.85957670e-02  1.14824675e-01 -6.91429824e-02
     5.63005134e-02  3.67513970e-02  5.21041006e-02 -2.29854956e-01
    -1.15114219e-01 -8.03176165e-02 -1.15467839e-01 -3.21074687e-02
     8.27792808e-02 -3.74378897e-02  1.86897144e-01  1.86989427e-01
     9.49427560e-02  2.16463208e-01 -4.44481373e-02 -5.22832237e-02
     2.41905954e-02  6.82979971e-02 -5.26839197e-02 -3.48918252e-02
    -3.17202955e-02  3.80975939e-02 -4.09529693e-02 -1.83502864e-02
     9.49925035e-02  1.94700792e-01 -7.90113807e-02 -5.53373545e-02
     5.85474707e-02 -3.84423316e-01 -4.14261781e-02 -8.43125209e-02
     9.64349657e-02  3.88924778e-02  5.55762509e-03  2.85616033e-02
    -8.96312147e-02  1.40055403e-01 -7.75807537e-03  4.00912762e-02
     9.65722874e-02  1.13141917e-01  1.65789485e-01 -5.18010855e-02
     8.69534984e-02  3.18383090e-02  9.38591957e-02  1.11334629e-01]
   [ 4.32084035e-03  5.81622981e-02 -6.01706328e-04 -1.48213744e-01
     4.65536676e-02 -8.57138599e-04 -2.02075727e-02  8.73739421e-02
     2.59491771e-01 -3.05328649e-02 -1.24531783e-01 -2.55047483e-03
    -5.87550960e-02 -7.98898637e-02  1.07362390e-01 -1.07336909e-01
     5.35661094e-02 -6.52425587e-02  2.81755272e-02 -2.27782980e-01
    -1.34073451e-01 -5.03798649e-02 -1.03160046e-01 -1.22132860e-01
    -4.18147184e-02 -1.52698830e-02  1.95369229e-01 -4.64218557e-02
     1.10899881e-01  2.70034552e-01 -3.95410433e-02 -8.96501914e-02
    -6.16444945e-02  3.73028889e-02 -8.06223676e-02 -7.08594993e-02
     3.39531852e-03  3.47360596e-02 -2.68395860e-02  5.25552221e-02
     5.90452589e-02  2.58068264e-01 -7.74236396e-02 -5.14441915e-02
     6.73758090e-02 -3.90828669e-01 -1.48988701e-03 -9.95375365e-02
     6.31910190e-02  3.05926707e-02  9.06035528e-02  4.98125926e-02
    -8.75555426e-02  1.17546968e-01 -2.46443432e-02  1.01249747e-01
     8.44272897e-02  9.65384394e-02  2.02262431e-01 -2.65978295e-02
     1.15615167e-01  1.99958645e-02  1.04749158e-01  9.20987353e-02]]

  [[-6.11272492e-02 -1.92429632e-01 -2.34551653e-02  5.74564710e-02
     1.23270545e-02 -4.12639929e-03  1.22713465e-02  9.54813510e-02
     1.07744157e-01  4.93175238e-02 -1.91380933e-01  2.34440535e-01
     1.78946480e-02 -8.62503275e-02  1.20024092e-01 -7.69103542e-02
     1.47819832e-01  1.02403812e-01  1.00971818e-01 -1.83499306e-01
    -1.41052559e-01 -1.44906983e-01  1.77245811e-01  8.61298293e-03
     1.12054288e-01 -4.30797376e-02  2.39021763e-01 -1.78696718e-02
     1.36057079e-01 -3.99125218e-02 -1.03414066e-01 -6.58249855e-02
     3.34727615e-02 -2.27571353e-02 -5.59145100e-02  3.38354670e-02
     1.12148128e-01  1.17456838e-01  1.03585646e-01 -4.80868854e-02
     3.68204936e-02 -1.61945507e-01 -1.14636585e-01 -1.23330154e-01
     3.30990590e-02 -3.53555202e-01  8.96073729e-02 -7.80436918e-02
     1.23904176e-01  1.68497458e-01  8.18139017e-02  5.93121983e-02
    -1.18120223e-01  1.45122141e-01 -5.85865416e-02 -5.48883602e-02
     1.15202993e-01  1.27219811e-01  1.56452850e-01 -1.75969809e-01
    -1.86288595e-01  1.13711096e-01  1.69290394e-01  1.67667046e-02]
   [-5.61321378e-02 -1.85262531e-01 -1.83820099e-01 -1.04606368e-01
    -3.02286856e-02 -2.16941629e-02  2.39774957e-01  9.83411223e-02
     5.33617362e-02 -1.16355211e-01 -1.34411350e-01  2.18390286e-01
    -1.10837780e-02 -7.64518008e-02  1.09206803e-01 -1.08595073e-01
     3.31189632e-02  5.24903424e-02  1.03920311e-01 -2.08171338e-01
    -1.55990079e-01 -8.83992668e-03  1.70738742e-01  3.59084383e-02
     9.26066414e-02 -4.88611199e-02  2.14647308e-01 -2.27307063e-02
     1.45068884e-01 -5.23439236e-02 -4.65136245e-02 -6.36952147e-02
     4.70566675e-02 -1.22514116e-02 -8.47545862e-02 -1.70099456e-02
    -9.39594768e-03  1.19175173e-01 -4.76223044e-02 -5.72311645e-03
     1.12483419e-01  2.21034765e-01 -1.04034282e-01 -8.29669833e-02
     1.45589113e-01 -3.25038493e-01 -7.09450021e-02 -7.93846473e-02
     7.02613220e-02  8.26875269e-02  1.87679641e-02  4.51779626e-02
    -1.13443069e-01  1.52102828e-01  6.46450669e-02  4.94618416e-02
     1.04209974e-01  1.35675877e-01  1.35949001e-01 -1.61712080e-01
    -1.42348558e-01  4.17914689e-02  1.77620217e-01  5.17509729e-02]
   [-6.50913566e-02 -1.56067416e-01 -9.14484635e-03 -2.00587273e-01
    -3.13116238e-02  5.79250343e-02 -1.90956704e-02  8.24902952e-02
     7.65198618e-02 -5.18181249e-02 -1.14955224e-01  2.38201335e-01
    -3.42110731e-02 -8.10533836e-02  1.16308019e-01 -1.15103796e-01
     4.51459996e-02 -7.07020313e-02  5.80497459e-02 -1.78752899e-01
    -1.50173232e-01  1.08723706e-02  1.80280834e-01 -2.82913633e-02
     1.27522671e-03 -3.16577367e-02  2.34517828e-01 -6.93235323e-02
     1.28666803e-01 -5.42181805e-02 -5.28946631e-02 -1.13772579e-01
    -6.76717311e-02 -1.80167686e-02 -1.10595517e-01 -5.43653704e-02
     4.08887342e-02  1.07863255e-01 -4.37909700e-02  8.56842622e-02
     7.47306645e-02  2.28074878e-01 -1.08320169e-01 -6.68974668e-02
     1.40068725e-01 -3.58398736e-01 -3.23958136e-02 -9.41996351e-02
     4.21441123e-02 -8.38133320e-03  9.46108028e-02  6.29539788e-02
    -1.05702117e-01  1.14935942e-01  5.23505993e-02  1.07368261e-01
     9.94720161e-02  1.01238415e-01  1.65558860e-01 -1.83489487e-01
    -1.41242132e-01  2.74184346e-02  1.47436336e-01  4.95453812e-02]]

  [[-9.69551131e-02 -1.06977813e-01 -9.83541738e-03  9.11026523e-02
     5.27258823e-03  1.17427940e-02  2.29007937e-02  6.32318854e-02
    -9.38414931e-02  3.23667675e-02 -6.96833506e-02  1.35434464e-01
    -1.19848009e-02 -6.89328685e-02  6.20174259e-02 -3.38249281e-02
     1.18748933e-01  6.26055002e-02  9.27086622e-02  7.67857069e-03
     4.49971855e-02 -1.39766142e-01  7.83030391e-02 -1.58070456e-02
     5.44209927e-02 -3.22597884e-02  1.90014303e-01 -4.98722717e-02
     1.71298951e-01 -9.64164436e-02 -8.00000280e-02 -4.39302325e-02
     3.92790511e-02 -5.26794605e-02 -3.42778116e-02  2.97829360e-02
     4.47971933e-02  6.80060834e-02  6.74174875e-02 -2.67382953e-02
     1.00754686e-02 -1.27648175e-01 -8.42842683e-02 -7.12117925e-02
     2.73573827e-02 -2.62392521e-01  7.70205781e-02 -5.96745014e-02
     8.98357928e-02  8.95004719e-02  5.46780899e-02  5.95939457e-02
    -8.83497596e-02  9.71531644e-02  3.94627303e-02 -5.86341955e-02
     6.33817539e-02  7.67590851e-02  2.15256289e-02 -2.11626127e-01
    -1.94836911e-02  8.11375231e-02 -1.23535477e-01  4.26275805e-02]
   [-1.13183223e-01 -1.47842079e-01 -1.43910483e-01  3.28471139e-02
    -1.38905924e-02 -5.53918555e-02  2.09722891e-01  7.28066415e-02
    -9.30077508e-02 -6.14053607e-02 -5.19944392e-02  1.36010095e-01
    -4.95959371e-02 -6.80866167e-02  6.42465428e-02 -3.19171734e-02
     3.91516760e-02  5.06779067e-02  9.86182392e-02  9.18402616e-03
     5.32739460e-02 -6.73498511e-02  6.59213513e-02  2.88272724e-02
     9.50710326e-02 -3.20919789e-02  1.76278576e-01 -2.63051838e-02
     1.61054909e-01 -6.92121238e-02 -4.61431742e-02 -2.52424832e-02
     4.48319204e-02 -3.79490554e-02 -3.45959328e-02  1.68827381e-02
    -2.11642850e-02  7.39876404e-02 -2.98627117e-03 -2.56286468e-02
     7.79952705e-02  6.13806508e-02 -7.49530196e-02 -5.27466722e-02
     7.84926191e-02 -3.05904031e-01 -1.32778557e-02 -5.80913052e-02
     7.05360472e-02  1.50215568e-03 -2.97113857e-03  8.20903778e-02
    -9.34291258e-02  1.10014446e-01  7.77615905e-02  1.85233206e-02
     5.78221194e-02  8.80334601e-02  3.42784030e-03 -1.97081611e-01
    -4.27376367e-02  2.18349770e-02 -1.25331625e-01  5.45780957e-02]
   [-1.14178859e-01 -1.23334572e-01  3.08336783e-03 -8.38067159e-02
     3.36190686e-02  1.56350173e-02 -2.01787278e-02  5.35176247e-02
    -7.85062462e-02  5.05864341e-03 -3.83835584e-02  1.44630477e-01
    -4.68160994e-02 -6.75345212e-02  5.85294887e-02 -7.21846595e-02
     4.83230054e-02 -5.32959700e-02  7.11252168e-02  7.65495840e-03
     4.04221602e-02 -3.88438180e-02  7.05189258e-02 -2.57254597e-02
    -3.82058881e-02 -3.54145356e-02  1.82619378e-01 -4.37528677e-02
     1.66471735e-01 -9.23049524e-02 -4.54351231e-02 -7.63120949e-02
    -5.83683699e-02 -4.14826497e-02 -7.52017274e-02 -1.60395522e-02
    -1.79019081e-03  6.98276684e-02 -1.48344375e-02  5.52263074e-02
     3.36616002e-02  1.34372130e-01 -7.42021352e-02 -4.81786430e-02
     7.99201205e-02 -2.82103747e-01  3.96822467e-02 -6.53122589e-02
     5.82822971e-02  1.27166510e-02  7.60480464e-02  7.70185292e-02
    -8.69021714e-02  8.93780589e-02  5.89491837e-02  7.85184950e-02
     5.70323057e-02  5.99326007e-02  1.69094764e-02 -2.09317297e-01
    -1.89902610e-03  1.59864593e-02 -1.06807381e-01  4.77259271e-02]]

  [[-1.06126226e-01  3.88991572e-02 -4.10606666e-03  8.34615901e-03
     2.40179487e-02  3.27711888e-02 -1.64002199e-02  8.27737153e-03
     2.76689250e-02  3.77580039e-02 -7.16380496e-03 -7.37708947e-03
    -1.70393251e-02 -2.39460338e-02  1.29462117e-02 -2.47047953e-02
     6.15430549e-02  5.29113896e-02  4.00896221e-02  6.59728795e-02
     3.93980294e-02 -6.89910129e-02 -2.82236170e-02  3.90074775e-02
     3.57980914e-02 -5.92288934e-02  7.33217895e-02 -4.42929752e-02
     7.51973838e-02  3.56831886e-02 -2.67434474e-02 -1.82199422e-02
     1.67273227e-02 -2.99511408e-03 -7.14460947e-03  1.84587315e-02
     3.47418934e-02  5.69044724e-02  2.13876367e-02 -1.06827775e-02
    -1.22957751e-02 -6.04594797e-02 -2.82924175e-02 -5.01266718e-02
    -7.90364202e-03 -1.24169454e-01  4.57626618e-02  9.70887206e-03
     3.21470425e-02 -6.11724611e-03  7.78616813e-04  4.25275341e-02
    -3.77130620e-02  2.02726740e-02  6.07647784e-02 -2.34582629e-02
     1.39473882e-02  4.09244038e-02 -3.03440634e-02 -7.30609447e-02
     5.92858642e-02  2.04842463e-02 -1.61702484e-01 -1.60706230e-02]
   [-1.15496702e-01  5.05172983e-02 -5.46560213e-02 -9.96943749e-03
     6.10225601e-03  5.41972322e-03  7.28483200e-02  7.50985695e-03
     2.22690403e-02 -1.81375500e-02 -9.88447666e-03 -2.76574418e-02
    -3.08959894e-02 -1.94375888e-02  1.82237495e-02 -2.91086901e-02
     2.55697258e-02  3.42249796e-02  6.78735152e-02  5.72567694e-02
     3.29197496e-02 -1.26844039e-02 -2.51671243e-02  3.62254046e-02
     5.00102378e-02 -5.44934832e-02  7.84719363e-02 -3.19315195e-02
     9.53478888e-02  3.80338468e-02 -9.16107371e-03 -3.73047637e-03
     2.38035936e-02  2.90409499e-03 -2.54868511e-02  2.51335707e-02
    -1.15775110e-04  5.32045066e-02  3.01293726e-03  1.59994531e-02
     1.49707319e-02  4.71369401e-02 -1.40432129e-02 -2.81063020e-02
     3.15697789e-02 -8.18540454e-02 -7.23303556e-02  1.37375183e-02
     5.77951297e-02 -8.11693911e-03 -3.67740802e-02  6.34971261e-02
    -3.66645046e-02  2.98094768e-02  8.72340500e-02 -2.36056186e-02
     1.56830177e-02  4.28627953e-02 -1.81875490e-02 -5.61603680e-02
     4.78146672e-02  1.45351859e-02 -1.59324542e-01 -2.35168869e-03]
   [-1.20936796e-01  3.02157067e-02 -8.03466712e-04 -8.49938914e-02
    -2.40583122e-02  5.42251244e-02 -1.01643056e-02  5.70164295e-03
     1.14315776e-02 -6.22341316e-03  1.21648395e-02 -1.47137744e-02
     2.74057519e-02 -2.35098992e-02  1.67187545e-02 -3.35327685e-02
     1.86062343e-02 -2.73574740e-02  4.18611541e-02  6.17383420e-02
     3.43671478e-02 -3.25613581e-02  1.35650544e-03  3.31897214e-02
    -9.13644210e-03 -6.11449778e-02  6.98888525e-02 -2.23048758e-02
     7.14903176e-02  3.05305924e-02 -8.97924043e-03 -2.16135699e-02
    -1.98611561e-02 -3.19477031e-03 -3.06269452e-02  1.17452061e-02
     1.85220018e-02  6.16079830e-02 -2.94881035e-03  3.43523696e-02
    -6.51419396e-04  6.63367435e-02 -2.68175080e-02 -3.74727063e-02
     3.86691839e-02 -1.03981756e-01 -7.56365852e-03 -9.90032800e-04
     2.43719611e-02 -1.17601948e-02  1.07504384e-04  7.63956457e-02
    -3.76474485e-02  2.49234438e-02  5.64900190e-02  2.77558565e-02
     1.20481169e-02  2.83712577e-02 -2.19009947e-02 -7.75771663e-02
     5.67642562e-02  7.96524528e-03 -1.56598464e-01 -7.82093778e-03]]]


 [[[ 1.68284550e-02  1.13878317e-01 -4.41277726e-03  2.87708007e-02
     5.43338694e-02  1.85531732e-02  1.68586299e-02  4.56021242e-02
    -9.02064219e-02  2.57131979e-02 -1.54948249e-01 -6.77213892e-02
     1.50184762e-02 -4.40115668e-02  8.39001089e-02 -5.69187291e-02
     4.53824401e-02  3.41672637e-02  3.07245851e-02  1.13411266e-02
     5.15305996e-02  3.51709761e-02 -2.53488980e-02  5.40880160e-03
     1.11467401e-02  9.87960100e-02  7.21302330e-02 -6.39861673e-02
     1.16377048e-01  1.31177425e-01 -3.04403547e-02 -3.08496524e-02
     1.83690041e-02 -1.31421564e-02 -3.22290994e-02 -4.93114032e-02
     6.28963244e-05  2.56115459e-02  7.55915642e-02 -4.02812846e-02
     1.44989714e-02 -3.63749191e-02 -5.08803092e-02 -4.46798913e-02
    -1.15479380e-02  4.46690917e-02  1.52422618e-02 -4.58841622e-02
     3.43298018e-02 -4.35843552e-03  4.09241319e-02 -1.94975853e-01
    -3.82628255e-02  5.50858453e-02 -5.31142801e-02 -5.02721444e-02
     5.16048335e-02  6.27422258e-02  5.58211394e-02 -4.19647545e-02
     2.55682506e-02  3.30260582e-02  2.09386721e-02 -1.34881688e-02]
   [ 2.68591847e-02  8.74466375e-02 -6.26385286e-02 -3.09214592e-02
     2.53695436e-02  2.35196371e-02  1.23275459e-01  5.78272827e-02
    -8.20312575e-02 -3.69366296e-02 -1.15634829e-01 -6.27348423e-02
    -4.77821231e-02 -3.68435010e-02  7.80293494e-02 -6.19464032e-02
     7.52739282e-03  1.26461890e-02  4.66734618e-02  1.58536863e-02
     4.95153815e-02  4.54825312e-02 -2.38641668e-02 -7.31980242e-03
     3.27347666e-02  8.65907967e-02  7.07094893e-02 -4.35772799e-02
     1.17517553e-01  1.22378074e-01 -1.60503592e-02 -3.39801647e-02
     5.07885031e-03 -1.63532398e-03 -4.32861522e-02 -7.29572400e-02
    -1.52111417e-02  2.93399300e-02  6.58609346e-03 -1.72653124e-02
     4.03963253e-02  7.18595237e-02 -4.87407260e-02 -2.27882378e-02
     2.91979611e-02  4.76770028e-02 -2.97115725e-02 -3.54553200e-02
     3.07322070e-02  4.50175675e-03  2.63766199e-02 -2.00918540e-01
    -3.61639448e-02  5.62821962e-02 -2.27972046e-02 -1.27995224e-03
     6.33289367e-02  5.77995256e-02  4.18672673e-02 -3.00804731e-02
     2.51800194e-02  2.59337691e-03  2.27184370e-02  1.12411659e-02]
   [ 1.61565859e-02  1.07317753e-01  1.89953751e-03 -1.19870760e-01
    -3.26480865e-02  3.98010388e-02 -9.20713786e-03  4.80207615e-02
    -7.70100579e-02 -9.75382607e-03 -9.97609049e-02 -4.51040715e-02
    -4.39590178e-02 -3.94748002e-02  7.04472587e-02 -7.24776536e-02
     8.88982695e-03 -3.30566391e-02  1.58020072e-02  1.40425423e-02
     5.94247356e-02  2.81148721e-02 -1.84629168e-02  3.94930951e-02
    -2.80856877e-03  9.23853144e-02  7.61820823e-02 -3.30266058e-02
     1.10817634e-01  1.30649984e-01 -1.24009410e-02 -4.14084941e-02
    -2.63910387e-02 -1.07461344e-02 -5.16946279e-02 -9.66908634e-02
    -1.02935275e-02  2.40645874e-02 -2.18571145e-02  3.44825648e-02
     2.27651987e-02  6.86005577e-02 -5.08767292e-02 -1.49109866e-02
     2.39615217e-02  7.66462460e-02  2.75452971e-03 -5.63362539e-02
     2.35932246e-02 -2.26540631e-03  4.95493300e-02 -1.94552585e-01
    -3.07063200e-02  4.84190844e-02 -8.65842216e-03  3.99134755e-02
     4.97556590e-02  5.41671626e-02  5.43970205e-02 -3.23511995e-02
     5.67723438e-02  2.06420873e-03  1.10895783e-02 -3.17807938e-03]]

  [[-2.07346119e-03  2.53184170e-01 -2.29927003e-02  5.10403104e-02
    -1.77443866e-02 -3.49644907e-02  1.77004579e-02  1.05044968e-01
     2.17633933e-01  4.63245437e-02 -2.89992243e-01  1.26930282e-01
     6.05418719e-02 -9.28072855e-02  1.37879759e-01 -8.10258985e-02
     1.18593819e-01  8.11945125e-02  1.26129374e-01 -1.22614495e-01
    -1.27936751e-01  8.86595994e-02 -1.48315132e-01  2.60130223e-02
     4.77350801e-02 -3.54838185e-02  1.70915633e-01  2.14833558e-01
     1.67044044e-01  1.63437933e-01 -8.85289013e-02 -6.16561212e-02
     2.05038115e-02  8.59137475e-02 -6.76011145e-02 -7.71773234e-02
     7.55117908e-02  2.52058394e-02  1.48920521e-01 -4.74475846e-02
     6.30652606e-02 -1.34547904e-01 -1.10869013e-01 -8.86614323e-02
    -5.11701358e-03  7.55934343e-02 -6.67932210e-04 -9.41632241e-02
     1.35904044e-01  6.56878129e-02  7.99312219e-02 -3.48041564e-01
    -1.16544813e-01  1.23254128e-01 -1.07879482e-01 -4.45881374e-02
     1.26183867e-01  1.21255845e-01  2.13000506e-01 -2.08022133e-01
     1.04210995e-01  1.00217439e-01  1.72622010e-01  1.10344388e-01]
   [-2.70817475e-03  2.42160097e-01 -1.52614176e-01 -4.37574685e-02
    -1.07134199e-02 -3.58687788e-02  2.11845860e-01  1.14676967e-01
     2.00859755e-01 -9.01409388e-02 -2.21334234e-01  9.34773460e-02
     3.30122337e-02 -8.34732130e-02  1.38600692e-01 -1.10775761e-01
     2.83882059e-02  2.39238385e-02  1.57381684e-01 -1.39591545e-01
    -1.38477206e-01  1.46873578e-01 -1.23923928e-01  4.42750938e-02
     2.89021581e-02 -1.70744061e-02  1.60193741e-01  7.96995461e-02
     1.88338101e-01  1.40651241e-01 -5.45983911e-02 -3.68859619e-02
     1.89494770e-02  5.21677658e-02 -7.43222684e-02 -9.28025097e-02
     5.40490844e-04  3.91895957e-02 -2.24050712e-02 -5.86217456e-03
     1.05731539e-01  1.51539937e-01 -9.56000909e-02 -4.93878573e-02
     5.24042062e-02  9.57131833e-02 -4.00688499e-02 -1.03932783e-01
     1.06400050e-01  2.60153804e-02  2.20369659e-02 -3.28593433e-01
    -1.07718192e-01  1.39871210e-01 -1.29714245e-02  4.96055558e-02
     1.33764789e-01  1.16351761e-01  1.96575910e-01 -2.06222191e-01
     8.99024010e-02  4.83253673e-02  1.48513928e-01  1.13427557e-01]
   [-6.15071924e-03  2.54743963e-01 -3.66419973e-03 -1.53019637e-01
     5.16182780e-02  2.89602447e-02 -3.36665809e-02  9.73781869e-02
     1.99300066e-01 -1.09086111e-02 -2.21194565e-01  1.27280980e-01
    -9.10754874e-02 -8.29354227e-02  1.26225755e-01 -1.15474984e-01
     2.32815482e-02 -6.60574809e-02  8.40037912e-02 -1.25884041e-01
    -1.39948934e-01  4.30014264e-03 -1.34669021e-01 -8.21378734e-03
    -1.86464190e-02 -2.09175386e-02  1.50142208e-01 -6.11791834e-02
     1.74104497e-01  1.89635873e-01 -5.32665104e-02 -1.00083411e-01
    -7.01928660e-02  5.44010177e-02 -1.15244642e-01 -1.91016465e-01
     1.58061907e-02  3.37090008e-02 -2.57326514e-02  9.22325850e-02
     8.93094838e-02  2.03317210e-01 -9.48396251e-02 -4.39107083e-02
     3.85168456e-02  7.36128315e-02  5.57668274e-03 -1.18659824e-01
     6.90329745e-02  3.85120660e-02  1.04223214e-01 -3.45519364e-01
    -1.05624266e-01  9.67058316e-02  5.82662039e-03  1.11514457e-01
     1.07038692e-01  1.04117721e-01  2.03059271e-01 -2.06328124e-01
     1.55242369e-01  2.11157873e-02  1.75301775e-01  1.04093753e-01]]

  [[-8.99317563e-02  4.99592945e-02 -2.23292317e-02  5.12997843e-02
     2.65715364e-02  2.35944390e-02  5.32247592e-03  1.23210996e-01
     1.67699844e-01  3.17206681e-02 -2.38681465e-01  2.46104777e-01
    -1.12533325e-03 -9.95805264e-02  1.47487670e-01 -1.21925153e-01
     1.43147513e-01  9.99106467e-02  1.77586436e-01 -2.92494655e-01
    -1.46244943e-01  4.65236455e-02  1.93238154e-01 -2.35092733e-03
     7.15773627e-02 -3.90347950e-02  1.67146906e-01 -1.77993365e-02
     1.37796819e-01 -1.41412824e-01 -1.09177768e-01 -5.11560254e-02
     4.45329063e-02 -1.15104271e-02 -8.80580619e-02  1.19806193e-02
     5.59534878e-02  1.12002537e-01  1.66510880e-01 -6.33715764e-02
     3.44279744e-02 -1.35054424e-01 -1.31029025e-01 -1.21159017e-01
     3.02859861e-02  7.71044269e-02  8.21502507e-02 -9.77940485e-02
     1.54450595e-01  2.68142551e-01  7.85854608e-02 -3.64666641e-01
    -1.39380857e-01  1.43850461e-01 -4.81834933e-02 -8.99770483e-02
     1.46137625e-01  1.48716167e-01  2.65427113e-01 -2.53807306e-01
    -1.52981609e-01  1.10597096e-01  1.08724385e-02  3.62511091e-02]
   [-1.20801479e-01  3.89735624e-02 -1.81404918e-01 -8.00277889e-02
     4.51787189e-03 -2.37672664e-02  2.05536559e-01  1.13866426e-01
     1.60651863e-01 -1.33040980e-01 -1.77697167e-01  2.21766338e-01
    -5.17439805e-02 -9.45181027e-02  1.48608401e-01 -1.59627751e-01
     3.99981663e-02  2.76916958e-02  1.96407333e-01 -2.93193519e-01
    -1.37177452e-01  1.13062613e-01  1.75305501e-01  4.72088568e-02
     7.22357407e-02 -5.99659830e-02  1.46518528e-01 -1.30605940e-02
     1.41825184e-01 -1.65812284e-01 -6.19497374e-02 -5.08822389e-02
     6.78073009e-03 -6.40447997e-03 -9.72818732e-02 -4.80724089e-02
    -2.71228850e-02  1.07428119e-01 -5.76452799e-02 -3.47490329e-03
     1.04203038e-01  1.54633269e-01 -1.27851561e-01 -8.26597288e-02
     1.52975187e-01  1.02100879e-01 -6.12687320e-02 -1.00135505e-01
     9.98805165e-02  6.30399659e-02  2.71075424e-02 -3.70833546e-01
    -1.39531612e-01  1.23862632e-01  6.18579201e-02  5.87491356e-02
     1.44155890e-01  1.54065281e-01  2.58103251e-01 -2.53539860e-01
    -1.11795180e-01  2.96647027e-02  1.33725046e-03  6.54736385e-02]
   [-1.15543887e-01  2.90281530e-02 -1.89053733e-02 -1.85414895e-01
    -1.57869961e-02  6.15659282e-02 -4.06924151e-02  1.00534201e-01
     1.66114315e-01 -1.80127025e-02 -1.62890658e-01  2.63057709e-01
    -6.97951019e-02 -1.00906305e-01  1.33479372e-01 -1.69598594e-01
     3.20350975e-02 -7.93152973e-02  1.33501545e-01 -2.76988238e-01
    -1.48081586e-01  4.36285287e-02  1.78063765e-01  4.49427925e-02
    -1.00126509e-02 -6.61147013e-02  1.54853448e-01 -4.62723933e-02
     1.17989004e-01 -1.34995893e-01 -6.89662471e-02 -9.65585560e-02
    -7.96388090e-02 -8.43994319e-03 -1.42965779e-01 -1.03177316e-01
     1.77814495e-02  9.50064585e-02 -4.60121855e-02  1.02543674e-01
     7.45476186e-02  1.38246730e-01 -1.21470138e-01 -6.84808865e-02
     1.12849444e-01  7.98790976e-02 -1.71259213e-02 -1.14042424e-01
     8.30996484e-02  2.03353819e-02  9.58337560e-02 -3.63951147e-01
    -1.33094922e-01  1.14142202e-01  5.37521392e-02  1.24270432e-01
     1.26312599e-01  1.13005020e-01  2.63809711e-01 -2.66050637e-01
    -1.34831473e-01  1.27099222e-02  2.73888977e-03  6.33120462e-02]]

  [[-1.34210020e-01 -1.80053607e-01 -4.26378809e-02  4.08141799e-02
     7.49672111e-03 -3.33507806e-02  2.11832430e-02  8.89895111e-02
    -7.60057792e-02  3.85511406e-02 -1.01811729e-01  5.46945110e-02
     3.80293950e-02 -8.26605707e-02  8.70567635e-02 -8.03490430e-02
     9.97296348e-02  7.18452930e-02  1.36566624e-01 -1.44070596e-01
     5.31358868e-02  3.77278589e-03  8.60420689e-02  6.88934932e-03
     4.33293842e-02 -2.36003529e-02  1.13991760e-01 -9.10775810e-02
     2.47701462e-02 -2.59237271e-02 -8.96640494e-02 -4.12503406e-02
     2.59400085e-02 -3.98434326e-02 -7.03968555e-02  1.39109101e-02
     7.48545751e-02  6.06004372e-02  1.26551136e-01 -5.44031300e-02
     3.08091901e-02 -6.49800524e-02 -9.81403291e-02 -1.09801248e-01
     3.85705084e-02 -6.66500721e-03  3.46810333e-02 -7.07324073e-02
     1.09302595e-01  1.03748202e-01  5.39058335e-02 -2.82440156e-01
    -1.06928065e-01  9.43394601e-02 -1.49069838e-02 -3.61790657e-02
     9.38274413e-02  1.00076638e-01  1.90572158e-01 -1.17372841e-01
    -7.28542283e-02  6.07083254e-02 -2.55261630e-01  6.11097105e-02]
   [-1.41552657e-01 -1.54623061e-01 -1.32453427e-01 -6.84753433e-02
     7.20732054e-03 -1.31282443e-02  1.80015907e-01  8.69588628e-02
    -7.28785023e-02 -7.49365613e-02 -9.04576406e-02  6.93176687e-02
     2.84530991e-03 -6.38823211e-02  8.81600231e-02 -9.54354256e-02
     2.58098990e-02  2.81904843e-02  1.64903671e-01 -1.28674522e-01
     4.68807854e-02  8.68877396e-02  7.05066100e-02  2.88497154e-02
     5.37276417e-02 -1.57732219e-02  1.27033696e-01 -4.76647019e-02
     2.39098947e-02 -7.45432684e-03 -6.39026985e-02 -4.85872664e-02
     2.51482744e-02 -3.40133496e-02 -8.85296017e-02 -1.48511808e-02
     2.16156114e-02  7.51864091e-02  8.54864810e-03  8.83148704e-03
     7.22452477e-02  9.70158800e-02 -9.13611576e-02 -7.82997906e-02
     1.47355750e-01  3.60179618e-02 -2.80252621e-02 -7.28790462e-02
     9.43011194e-02 -1.12211024e-02  9.13918670e-03 -2.67840564e-01
    -1.00146398e-01  1.15013130e-01  8.04981291e-02  3.07461880e-02
     9.36893970e-02  9.80394259e-02  1.92686811e-01 -1.34051099e-01
    -3.03557999e-02  3.31321582e-02 -2.07128868e-01  7.34144151e-02]
   [-1.47277072e-01 -1.65505171e-01 -1.87255889e-02 -1.19327158e-01
     3.31512578e-02  3.26274522e-02 -2.68117413e-02  7.36687407e-02
    -6.69186413e-02 -2.99985558e-02 -5.70284501e-02  6.14917837e-02
    -2.81438157e-02 -6.92960396e-02  8.43102038e-02 -9.43126827e-02
     3.16770300e-02 -4.70885523e-02  1.17061108e-01 -1.50290787e-01
     6.59397990e-02 -1.34119550e-02  9.21926647e-02 -3.19061503e-02
    -3.85042658e-05 -1.26155820e-02  1.08832896e-01 -2.42750514e-02
     3.17187421e-02 -4.04999256e-02 -5.53302839e-02 -7.85852596e-02
    -4.73377146e-02 -4.08606790e-02 -1.21179946e-01 -5.67933358e-02
     4.42418158e-02  6.12997897e-02 -9.36084241e-03  8.00221413e-02
     4.73026931e-02  1.03281789e-01 -9.37765539e-02 -7.86490738e-02
     1.03917591e-01  2.23664945e-04  8.87167640e-04 -8.23741630e-02
     6.74396306e-02 -4.29183282e-02  6.02214374e-02 -2.80450702e-01
    -1.05573922e-01  7.92382807e-02  3.81761305e-02  7.70063624e-02
     8.50604028e-02  7.52452686e-02  1.73875198e-01 -1.34011924e-01
    -5.81243932e-02  2.04742495e-02 -2.32150704e-01  7.54255652e-02]]

  [[-8.90275910e-02 -6.19015954e-02 -6.94303447e-03  5.26939891e-02
     1.57272443e-02  3.58649716e-02  1.95200334e-03  2.80900840e-02
    -2.13952400e-02 -3.65880993e-03 -2.52156239e-02 -3.88934612e-02
    -1.20244697e-02 -3.59982476e-02  2.99004186e-02 -3.89896072e-02
     4.44329791e-02  4.35043983e-02  5.48774041e-02  4.69154343e-02
     4.48480099e-02 -4.77709696e-02  8.55445117e-03  2.54463665e-02
     3.87284905e-02 -6.24311455e-02  3.75452675e-02 -6.38577193e-02
    -4.28935885e-02  1.86725985e-02 -5.57986833e-02 -2.58046091e-02
     1.60650052e-02 -4.81225038e-03 -3.26309390e-02 -5.19695040e-03
     2.01227497e-02  5.57738170e-02  6.06611706e-02 -2.24178396e-02
    -1.41459452e-02 -6.51412681e-02 -3.89177017e-02 -5.46154901e-02
     9.81185399e-03 -4.57728021e-02  5.85723668e-02 -9.68061481e-03
     5.04520796e-02  1.70846879e-02  6.65855967e-03 -1.33244529e-01
    -5.35049587e-02  3.19692791e-02  5.35787269e-02 -3.52959409e-02
     3.78793105e-02  3.56685221e-02  1.42703354e-02  3.69900875e-02
     6.13623112e-02  1.63509026e-02 -2.86510810e-02 -1.00892726e-02]
   [-1.09694816e-01 -7.44653940e-02 -6.53066859e-02  1.16045633e-02
    -2.98769381e-02  3.23079713e-02  7.71239251e-02  3.56439166e-02
    -7.34051596e-03 -6.25401214e-02 -1.11038107e-02 -3.48800495e-02
    -2.31488468e-03 -2.31093764e-02  2.76277140e-02 -2.86811255e-02
     2.64741317e-03  1.44991362e-02  5.60129732e-02  1.92201678e-02
     5.26012741e-02  2.43511703e-02 -4.89261327e-03  4.73122969e-02
     5.12144566e-02 -4.80129942e-02  6.85994625e-02 -3.02131400e-02
    -2.57736947e-02  2.33146399e-02 -2.65003126e-02 -1.53255379e-02
     2.29510758e-02 -1.40168564e-02 -3.34657133e-02 -1.15422001e-02
    -6.57081790e-03  6.66745156e-02  7.59196235e-03 -2.77080690e-03
     2.14564595e-02  4.58996855e-02 -3.77078839e-02 -3.24785449e-02
     5.25616892e-02 -5.15686646e-02  4.48921882e-03 -5.87809924e-03
     3.26329097e-02 -1.57857798e-02 -1.36420326e-02 -1.28067926e-01
    -5.24449050e-02  4.34932895e-02  7.35262185e-02 -1.49245504e-02
     3.47443894e-02  4.71720658e-02  6.47380250e-03  9.37568676e-03
     3.53137255e-02  1.82015821e-02 -1.62335560e-02  8.03727377e-03]
   [-1.04677178e-01 -8.07422698e-02 -1.26845911e-02 -3.97680327e-02
    -6.44696364e-03  6.37503713e-02 -1.39856059e-02  2.27657221e-02
    -2.86268014e-02 -2.43041627e-02  2.31320481e-03 -2.34263837e-02
     1.31626502e-02 -2.45890692e-02  3.43901441e-02 -5.17760888e-02
     7.24686682e-03 -2.63620429e-02  4.00764309e-02  3.72027978e-02
     4.34755981e-02  8.03948205e-04 -7.98285194e-03  2.71076150e-02
     8.22234666e-04 -6.24247305e-02  5.62334433e-02 -2.71332785e-02
    -3.40213552e-02  4.23840582e-02 -3.74445133e-02 -2.71560792e-02
    -2.31773499e-02 -4.83489037e-03 -4.77506220e-02 -5.41453473e-02
     2.81093586e-02  5.15364893e-02 -6.11714600e-03  5.53113818e-02
     1.53592369e-03  1.54956421e-02 -3.19421589e-02 -3.80705558e-02
     6.01211078e-02 -5.15485331e-02 -2.28040926e-02 -1.67709142e-02
     1.88105591e-02 -8.49129166e-03  1.44338999e-02 -1.30749479e-01
    -5.14018685e-02  3.08692455e-02  6.68721870e-02  2.48545837e-02
     3.56022269e-02  2.98294537e-02  1.01061203e-02  3.45289186e-02
     6.17327355e-02 -3.67544591e-04 -2.29321662e-02  9.03906301e-04]]]


 [[[ 2.42318045e-02  2.92768292e-02 -1.50507456e-02 -3.95448413e-03
     5.23908474e-02  2.03279313e-02  8.00945517e-03  2.08883043e-02
    -1.04970761e-01 -5.76952239e-04 -1.05928071e-01  4.01078910e-03
     4.36672568e-02 -3.08784451e-02  5.29737137e-02 -3.09519209e-02
     4.72503006e-02  1.84145849e-02  5.88898808e-02  4.66982424e-02
     5.01436405e-02  5.89374565e-02  3.61336395e-02 -2.02980191e-02
     3.39967795e-02  9.42408144e-02  2.21664105e-02 -6.92481995e-02
     1.52056031e-02  1.35786191e-01 -1.91660803e-02 -2.44110972e-02
     4.80173249e-03 -1.69457495e-02 -3.61934677e-02 -2.65598297e-02
     1.92394597e-03  2.53174882e-02  6.30401224e-02 -9.85354418e-04
     5.89795504e-03 -3.90582671e-03 -3.61307189e-02 -1.35764349e-02
     4.75579640e-03  5.24451733e-02  7.84092490e-03 -3.67359370e-02
    -5.41447476e-03 -1.54096643e-02  3.86917703e-02 -2.11391225e-02
    -3.59245129e-02  3.18375602e-02 -5.21027222e-02 -3.35156359e-02
     5.02391122e-02  4.15380336e-02 -8.37561935e-02 -1.18039325e-01
    -2.21216097e-03  1.68586355e-02  8.64174142e-02 -1.54211735e-02]
   [ 4.13881876e-02  2.63540111e-02 -5.83553202e-02 -6.34603426e-02
    -7.43732834e-03  3.25528532e-02  7.85761476e-02  2.50600632e-02
    -1.14356466e-01 -1.14614330e-02 -7.28107020e-02  1.22304475e-02
     1.59121882e-02 -3.04237548e-02  5.75972460e-02 -4.18798365e-02
     1.89772584e-02  3.82079114e-03  6.43272102e-02  6.64047971e-02
     4.38593999e-02  2.88375113e-02  6.32667914e-03  2.08200738e-02
     3.62201408e-02  8.88612717e-02  9.30753630e-03 -7.70073384e-02
    -8.85391328e-03  1.03592172e-01 -7.85674807e-03 -2.14761458e-02
     2.15958781e-03 -2.70122178e-02 -3.25694159e-02 -2.49742772e-02
    -2.33211182e-02  1.96800269e-02 -7.56177912e-03 -1.29778748e-02
     2.66927481e-02  1.20096728e-02 -3.13756838e-02 -5.62151801e-03
     2.52287909e-02  8.82920101e-02 -1.61439404e-02 -2.86250543e-02
    -1.77173428e-02 -1.05104363e-02  1.88028738e-02 -1.00529399e-02
    -2.98860725e-02  4.82618771e-02 -2.44607069e-02 -1.38557320e-02
     5.00584207e-02  5.25401831e-02 -8.50944296e-02 -1.14201069e-01
     3.46051436e-03 -5.29067358e-03  7.50676617e-02  1.20070539e-02]
   [ 1.62526555e-02  2.94358041e-02 -5.86264208e-03 -7.11934417e-02
    -1.03266223e-03  3.99013422e-02 -1.22045735e-02  2.17137411e-02
    -9.05231535e-02 -4.30828286e-03 -7.46304691e-02 -5.84014971e-03
    -2.32270528e-02 -3.41458656e-02  5.07751480e-02 -5.74496500e-02
     1.45521816e-02 -3.06683555e-02  4.68920581e-02  6.35008216e-02
     5.43335825e-02  1.21262930e-02  3.01392060e-02  3.49522308e-02
     4.59934119e-03  8.99355561e-02  9.13795666e-04 -4.89919484e-02
    -1.91135274e-03  1.25976801e-01 -6.62433170e-03 -3.81146409e-02
    -2.44369674e-02 -1.63103156e-02 -4.89178300e-02 -6.47416264e-02
    -9.72335925e-04  2.36196406e-02  3.14146699e-03  3.95436212e-02
     2.35720221e-02  1.00728534e-02 -3.50650735e-02 -2.84065516e-03
     3.21816765e-02  6.56167120e-02 -6.29473524e-03 -3.64620052e-02
    -5.05811814e-03 -1.97913707e-03  4.03120555e-02 -5.86160738e-03
    -3.28205824e-02  2.83666998e-02 -5.84064983e-03  4.16864455e-02
     5.28454967e-02  3.86266708e-02 -6.43175170e-02 -1.10818200e-01
     1.42253004e-02 -7.67536601e-03  8.92545804e-02 -1.02350046e-03]]

  [[-1.46186622e-02  1.29431844e-01 -2.81942487e-02 -1.19114527e-02
    -3.19564193e-02  9.03744902e-03  1.82589479e-02  7.88918212e-02
     1.13743290e-01 -1.26768732e-02 -1.77115962e-01  2.08300978e-01
     7.10443407e-02 -6.92128167e-02  1.18154079e-01 -1.02840550e-01
     1.12922624e-01  6.15627170e-02  1.51681781e-01 -3.07956780e-03
    -9.81641263e-02  1.35370225e-01 -1.58839554e-01  4.23563868e-02
     1.19173713e-02 -2.13732664e-02 -1.63126923e-03 -1.14464723e-02
    -8.86617973e-02  9.28280056e-02 -7.18055293e-02 -3.78109626e-02
     3.81539613e-02  3.85202654e-02 -5.11020347e-02 -2.68590506e-02
     2.20906883e-02  2.20555943e-02  1.01540186e-01 -3.77679802e-02
     3.04120556e-02 -3.92425619e-02 -8.64864141e-02 -7.18247816e-02
    -1.88260097e-02  1.65443569e-01  4.25698683e-02 -7.66988397e-02
     8.34716782e-02 -7.83866085e-03  7.09983706e-02 -6.59428984e-02
    -8.92713964e-02  9.31874439e-02 -6.52864873e-02 -7.70564079e-02
     1.10238180e-01  9.17517990e-02  4.97316010e-03 -2.23105356e-01
     6.82990775e-02  8.90566036e-02  2.64937934e-02  7.25773647e-02]
   [-2.23351968e-03  9.61324796e-02 -1.42180979e-01 -5.57681695e-02
    -1.42427124e-02 -1.99260581e-02  1.99575394e-01  7.62742311e-02
     7.91648254e-02 -7.82433823e-02 -1.44769132e-01  1.98340669e-01
     2.87021399e-02 -6.20569699e-02  1.15595460e-01 -1.15489908e-01
     3.41851003e-02  2.69918982e-02  1.49151221e-01 -7.21360743e-03
    -1.03171065e-01  2.30724767e-01 -1.69420943e-01  6.80297017e-02
     3.29176225e-02 -3.00754085e-02 -2.22501974e-03 -2.52552191e-03
    -8.98781717e-02  6.73245788e-02 -3.73075120e-02 -2.88709588e-02
     2.33321567e-03  5.76650910e-02 -6.11393116e-02 -5.56475893e-02
    -2.00494602e-02  3.95056307e-02 -6.15266971e-02 -9.50376131e-03
     1.00711815e-01  7.80546889e-02 -6.22529462e-02 -3.77431363e-02
     4.05238606e-02  2.08052695e-01 -2.11653840e-02 -5.85590415e-02
     7.52210245e-02 -8.29742290e-03  3.02906390e-02 -7.91016519e-02
    -7.92338848e-02  1.10224500e-01 -4.03954322e-03  2.48173811e-02
     1.09886162e-01  9.42161009e-02  1.74235099e-03 -2.07009062e-01
     9.25837234e-02  2.62049139e-02  1.61887351e-02  9.94415954e-02]
   [-2.00170260e-02  1.28481686e-01 -9.81702656e-03 -1.47740394e-01
     1.60508230e-02  4.16184179e-02 -1.87940348e-03  7.41969347e-02
     8.86793956e-02 -5.20791300e-02 -1.16110288e-01  2.01412067e-01
    -4.48823832e-02 -6.17135614e-02  1.02540478e-01 -1.44119754e-01
     4.22762968e-02 -6.87865689e-02  1.22099802e-01  2.44244244e-02
    -9.82049331e-02  7.36274421e-02 -1.60458177e-01 -1.70507859e-02
    -1.52239567e-02 -2.16862187e-02 -7.79070833e-04 -6.35138750e-02
    -8.82160217e-02  8.08053762e-02 -2.32461654e-02 -8.31387639e-02
    -6.40699863e-02  5.09269498e-02 -8.58033001e-02 -1.03451870e-01
    -1.34789841e-02  2.60144118e-02 -5.43502979e-02  7.03963414e-02
     7.65924230e-02  8.98274779e-02 -8.13475251e-02 -3.35036404e-02
     5.06820716e-02  1.76371589e-01 -1.31897889e-02 -8.40365514e-02
     3.60767208e-02 -1.11766644e-02  8.81305709e-02 -8.80108029e-02
    -8.47109035e-02  8.91313925e-02  2.82504093e-02  1.20228097e-01
     9.85309482e-02  8.19768533e-02  2.42507383e-02 -2.18563914e-01
     1.37985259e-01  9.64609906e-03  4.09923904e-02  8.29203278e-02]]

  [[-1.16012096e-01  2.11835578e-01 -3.28136981e-02  5.55529818e-03
     6.51287809e-02 -8.00240971e-03  2.94022751e-03  9.56569314e-02
     1.71247989e-01  1.30205685e-02 -1.68342993e-01  1.44114420e-01
     6.67137504e-02 -9.05760601e-02  1.28373295e-01 -1.19743243e-01
     1.05713837e-01  6.99849129e-02  1.74338698e-01 -1.46391079e-01
    -1.25797793e-01  1.48856267e-01  1.24307245e-01 -5.10472059e-03
     4.96993735e-02 -5.26271649e-02  9.30717774e-03 -7.40621686e-02
    -1.83525488e-01 -1.26763493e-01 -1.00059003e-01 -4.06503119e-02
     2.04034969e-02 -5.34652080e-03 -8.70958567e-02  2.77702902e-02
     1.01200631e-02  8.92079771e-02  1.87338218e-01 -5.13475947e-02
     8.56407825e-03 -6.78836778e-02 -1.08976476e-01 -9.47694853e-02
     3.16362269e-02  1.67361572e-01  9.17909443e-02 -7.80544952e-02
     1.04678020e-01  2.12422505e-01  7.81428739e-02 -1.19415767e-01
    -1.10192269e-01  9.60072502e-02 -5.19660339e-02 -6.81037977e-02
     1.03538260e-01  9.53938663e-02  1.31133318e-01 -1.20789647e-01
    -9.56555828e-02  8.45893025e-02 -1.49764389e-01  2.64043920e-02]
   [-1.15259863e-01  2.08365262e-01 -1.72704652e-01 -6.85453117e-02
    -1.14642326e-02 -9.96314920e-03  2.00407952e-01  1.01180598e-01
     1.88935816e-01 -7.64394477e-02 -1.23980746e-01  1.22018054e-01
     4.77786921e-02 -8.62296522e-02  1.17258400e-01 -1.36969507e-01
     3.75470296e-02  2.51883585e-02  1.94080353e-01 -1.61425173e-01
    -1.33357331e-01  1.11352570e-01  1.16017222e-01  2.01928299e-02
     4.95030545e-02 -5.22993281e-02  1.60281127e-03 -1.71952751e-02
    -1.53601184e-01 -1.31111130e-01 -5.19605689e-02 -4.54613417e-02
     3.69932652e-02 -1.97643926e-03 -8.69982317e-02 -2.21544486e-02
    -5.20504974e-02  8.23884383e-02 -4.25197929e-02 -1.62467267e-02
     8.49993378e-02  7.90934265e-02 -1.01701051e-01 -7.61078522e-02
     1.42638430e-01  2.07131043e-01 -6.20054901e-02 -7.52159655e-02
     7.61444867e-02  6.40450716e-02  2.11503394e-02 -1.24838337e-01
    -1.18007384e-01  1.10913016e-01  3.51644941e-02  4.04434465e-02
     1.03130005e-01  1.17136434e-01  1.37200817e-01 -1.05768912e-01
    -9.39259529e-02  1.64383762e-02 -1.30930766e-01  5.71636707e-02]
   [-1.24516077e-01  1.95819840e-01 -8.38798750e-03 -1.57789782e-01
     1.58280898e-02  4.91926223e-02 -2.10356452e-02  8.49638283e-02
     1.64511755e-01 -3.22175883e-02 -9.18284878e-02  1.43310368e-01
    -2.48724911e-02 -8.40173587e-02  1.18727326e-01 -1.55652568e-01
     2.48502940e-02 -7.21678436e-02  1.48368642e-01 -1.60257444e-01
    -1.27895460e-01  1.41460318e-02  1.28000706e-01  7.04136863e-03
    -5.28785540e-03 -3.50641757e-02 -1.11207145e-03 -5.34887239e-02
    -1.58994108e-01 -1.13219388e-01 -5.07016405e-02 -8.53763446e-02
    -5.71204610e-02 -1.53512899e-02 -1.25498861e-01 -3.99239324e-02
    -3.37460754e-03  8.52236450e-02 -3.43458168e-02  8.74856040e-02
     6.08999990e-02  1.01431876e-01 -9.86202955e-02 -4.82385233e-02
     1.26490265e-01  1.87985092e-01 -2.38609985e-02 -9.35235173e-02
     5.32142483e-02 -1.16311375e-03  9.91296694e-02 -1.22281030e-01
    -1.04827061e-01  7.96632096e-02  4.00539972e-02  9.07633677e-02
     9.35651287e-02  8.66066292e-02  1.31056279e-01 -1.18490629e-01
    -7.22384900e-02  1.93936620e-02 -1.25524670e-01  4.75413278e-02]]

  [[-9.03324038e-02  4.55476679e-02 -8.70561320e-03  1.42806396e-02
    -6.18088571e-03 -1.59359369e-02 -6.11768151e-03  6.42424375e-02
    -1.30997617e-02  8.52207595e-04 -8.11319724e-02 -2.17712093e-02
    -4.80546579e-02 -7.09929690e-02  7.59554580e-02 -9.51256230e-02
     8.97605643e-02  4.58651334e-02  6.13036640e-02 -1.92856967e-01
     4.56343740e-02  4.66869138e-02  7.86665604e-02 -2.10110191e-02
     4.54756897e-03 -1.51007827e-02 -1.84917040e-02 -4.90701497e-02
    -2.17380121e-01  4.66271900e-02 -7.57317171e-02 -4.56558131e-02
     3.03458627e-02 -4.74928916e-02 -7.12187290e-02  5.21495380e-02
     1.34083740e-02  4.78390157e-02  7.92810246e-02 -1.29899122e-02
    -5.81676047e-03 -3.76288942e-03 -8.15823749e-02 -7.68525451e-02
     8.74388497e-03  1.82597294e-01  4.36536409e-02 -6.27118945e-02
     7.65706450e-02  1.83067739e-01  6.28397688e-02 -1.43205240e-01
    -7.96484128e-02  5.14285490e-02  7.68511929e-03 -7.67305344e-02
     6.70309588e-02  6.43766597e-02  1.89680248e-01  5.16308136e-02
    -8.94654840e-02  5.62668703e-02 -9.40126181e-02  3.13760601e-02]
   [-1.01203777e-01  4.70517874e-02 -1.30813941e-01 -6.88356720e-03
    -9.19164438e-03 -4.37222682e-02  1.90085694e-01  7.21967146e-02
    -2.04271954e-02 -6.34816736e-02 -4.88539487e-02 -2.62483750e-02
    -5.31082749e-02 -6.10905625e-02  8.35590437e-02 -1.00517087e-01
     2.14225501e-02  4.59965207e-02  6.50241300e-02 -1.95262536e-01
     4.33732010e-02  1.49826691e-01  5.81638590e-02  2.19320990e-02
     3.27528343e-02  6.01190468e-03 -2.19118185e-02 -1.33163044e-02
    -2.09914565e-01  3.00657097e-02 -4.74012755e-02 -2.27310117e-02
     3.08118891e-02 -2.41679773e-02 -6.45614490e-02  2.17083767e-02
    -5.22856340e-02  5.34661561e-02 -2.43423525e-02 -3.11160274e-02
     6.50515333e-02  8.95573869e-02 -6.39650077e-02 -5.49391210e-02
     6.88267425e-02  1.55114189e-01 -2.83250660e-02 -6.01272024e-02
     3.76518443e-02  3.21962833e-02 -1.75984297e-03 -1.69945329e-01
    -7.60322809e-02  6.65839911e-02  6.77886382e-02  3.66661092e-03
     8.06108192e-02  7.27016330e-02  1.83239177e-01  3.89477164e-02
    -1.06693536e-01  1.56986285e-02 -8.80004317e-02  3.28637138e-02]
   [-1.04180314e-01  5.36470711e-02 -6.47771545e-03 -1.10260457e-01
    -5.74105047e-03  2.21253783e-02 -3.13202962e-02  6.15133457e-02
    -2.38403939e-02 -1.97805800e-02 -3.96148041e-02 -1.19417468e-02
    -6.30441830e-02 -6.22310229e-02  6.74249455e-02 -1.22031316e-01
     3.31753120e-02 -6.27753362e-02  3.80097404e-02 -1.72266826e-01
     6.48176596e-02  6.20742925e-02  6.17524907e-02 -2.74865219e-04
    -2.31115352e-02 -2.46724226e-02 -2.09514704e-02 -2.94233430e-02
    -2.07482308e-01  3.08308639e-02 -5.16140088e-02 -6.90434948e-02
    -5.71479574e-02 -3.54113877e-02 -8.49953219e-02 -8.03310331e-03
     6.73606899e-03  5.82824983e-02 -3.53164412e-02  5.09577654e-02
     3.57199237e-02  5.43462038e-02 -6.49632066e-02 -4.76079136e-02
     9.32664201e-02  1.45937786e-01 -2.29247473e-02 -6.73727393e-02
     3.02738510e-02  1.35862371e-02  6.97756261e-02 -1.67542815e-01
    -7.93350786e-02  5.51556200e-02  4.38753776e-02  8.02908987e-02
     6.68302402e-02  5.28839044e-02  1.79036006e-01  4.39947918e-02
    -7.93792233e-02 -9.21385922e-03 -1.05350852e-01  6.19279891e-02]]

  [[-5.43197766e-02 -1.22591428e-01 -1.19958129e-02  1.42115429e-02
     1.20557770e-02  3.63430567e-02 -6.15462754e-03  2.00021975e-02
    -2.21058019e-02 -1.97027270e-02 -2.30664643e-03 -3.56229693e-02
    -7.88844749e-03 -1.96713712e-02  2.95541510e-02 -2.95427013e-02
     5.74657172e-02  4.39521335e-02  8.06872640e-03 -6.11504167e-02
     2.38334313e-02  2.64402665e-02  1.03894360e-02 -9.22193937e-03
     3.16875763e-02 -8.08207095e-02 -1.36798704e-02 -7.45052472e-02
    -1.27991766e-01  1.78287202e-03 -4.16225232e-02 -1.01937084e-02
     2.73342920e-03 -5.24189370e-03 -3.60466540e-02 -1.32515300e-02
    -1.32641699e-02  4.37534191e-02  6.75645471e-02 -3.59624587e-02
    -2.42593549e-02 -1.52373388e-02 -1.93504430e-02 -4.40499745e-02
    -1.63921602e-02  7.82076120e-02  6.12038635e-02 -5.95443882e-03
     4.04708423e-02  3.06749996e-02  5.97793050e-03 -1.55931190e-01
    -4.21031862e-02  1.17679862e-02  3.41281444e-02 -2.67333686e-02
     1.11220647e-02  2.86886152e-02  9.48336869e-02  7.14243725e-02
     2.89509762e-02  3.49173993e-02  4.99932989e-02 -1.45895388e-02]
   [-4.14418690e-02 -9.32938904e-02 -6.42614141e-02  2.29958184e-02
    -2.14533862e-02  4.97523881e-02  8.72927830e-02  1.65408496e-02
    -3.97872515e-02 -5.50044663e-02  2.74427552e-02 -6.68550357e-02
     7.25300051e-03 -1.13488035e-02  1.88239999e-02 -3.83657329e-02
     1.83714516e-02  1.93100087e-02  3.12312003e-02 -5.71742095e-02
     4.16998565e-02  6.34308979e-02 -1.31016243e-02  2.36284323e-02
     2.63936371e-02 -5.17930984e-02  1.50832767e-03  4.63129021e-03
    -1.36451527e-01 -2.78128609e-02 -1.60500854e-02  5.77776320e-03
     1.93113126e-02  3.80681548e-03 -4.36266512e-02 -2.01631207e-02
    -2.42026970e-02  4.42180336e-02  4.55572754e-02 -1.12576298e-02
     1.42948413e-02 -8.51784833e-03 -2.41547246e-02 -1.96688343e-02
     3.51107977e-02  1.31824017e-01 -7.53735527e-02  6.41847961e-03
     1.53253628e-02  1.35531165e-02 -1.46482307e-02 -1.39399976e-01
    -4.04962823e-02  3.13377008e-02  7.40422830e-02 -7.78149843e-06
     1.77364852e-02  4.41733524e-02  8.78914669e-02  8.49104598e-02
     4.81581241e-02  2.61293948e-02  5.31514436e-02  2.42130784e-03]
   [-4.44804579e-02 -9.29083675e-02 -9.21108574e-03 -5.02467379e-02
     5.47368359e-03  8.38150904e-02 -3.26267933e-03  1.67055000e-02
    -3.42253782e-02 -2.92286836e-02  1.82404928e-02 -3.06477267e-02
     1.46572618e-02 -1.38113145e-02  2.85943653e-02 -5.04519679e-02
     2.01804973e-02 -2.63717920e-02  5.00499643e-03 -5.98353297e-02
     1.99355930e-02  1.38362153e-02  3.94818094e-03  2.19752770e-02
    -7.39791081e-04 -6.94581717e-02 -1.54174939e-02 -7.85678346e-03
    -1.48738071e-01  9.71444603e-03 -3.16506065e-02 -2.74209566e-02
    -1.64082237e-02 -2.47262465e-03 -4.00533713e-02 -3.82285267e-02
    -5.51870186e-03  4.92413938e-02  1.08737070e-02  1.60966516e-02
    -1.66608836e-03 -6.98606158e-03 -1.81248076e-02 -2.55173668e-02
     4.73129675e-02  8.13566074e-02 -6.01520501e-02 -6.25181105e-03
     1.95025466e-02  1.15675740e-02  6.82803197e-03 -1.51512295e-01
    -3.44136283e-02  1.75593589e-02  3.25348787e-02  3.96939032e-02
     1.05543202e-02  1.80471018e-02  9.38108116e-02  7.75223374e-02
     4.39839512e-02  1.97017845e-02  5.72671816e-02  9.61362477e-03]]]


 [[[ 6.77125854e-03 -5.22318929e-02 -3.55068292e-03  5.37856389e-03
     3.47025432e-02  6.51386986e-03  1.02555670e-03  1.62022263e-02
    -6.99015483e-02  2.93855760e-02 -1.29382517e-02  8.13266709e-02
     2.79990677e-02 -1.44892931e-02  3.88371907e-02 -2.47158296e-02
     3.12430188e-02  1.19792167e-02  6.49570972e-02  3.14894356e-02
     3.46122198e-02 -5.71514778e-02 -1.14538521e-02  3.24230418e-02
    -8.76110978e-03  5.09042740e-02 -2.29398441e-02 -2.09819302e-02
    -1.61258548e-01  9.20687690e-02  2.27742200e-03  7.81178096e-05
     5.20278048e-03  9.48446430e-03 -2.83246743e-04 -4.10804451e-02
     1.13735050e-02  1.25673122e-03  1.65155567e-02 -1.80005338e-02
    -5.86414291e-03  6.26690220e-03 -1.12714507e-02  8.24245653e-05
    -6.84037805e-03  4.85978369e-03  4.18223999e-03  3.31398769e-04
     4.44303732e-03  9.04904492e-03  2.59302817e-02  1.12059280e-01
    -1.36979762e-02  6.68131420e-03 -2.03266852e-02 -1.45836761e-02
     3.52358036e-02  1.40516916e-02 -8.47616419e-02 -1.16785787e-01
    -8.21735535e-04  7.46043341e-04  7.04694912e-02 -1.86106842e-02]
   [ 4.92233224e-03 -2.37813443e-02 -3.74823138e-02  2.91600474e-03
     2.47320463e-03 -1.60681661e-02  4.73223366e-02  2.10794285e-02
    -6.17182292e-02 -6.74722623e-03 -7.89499655e-03  5.25051877e-02
    -2.62872269e-03 -1.72692619e-03  3.11725661e-02 -2.20108274e-02
     3.04694194e-02  7.57298339e-03  6.47857040e-02  3.51383537e-02
     4.72860970e-02 -2.63340548e-02 -7.38423457e-03  5.86029366e-02
    -4.23162710e-03  5.33542261e-02 -1.53006287e-02  2.11753021e-03
    -1.50938228e-01  8.38024691e-02  1.78388860e-02  1.72355678e-02
     2.29073521e-02  2.38133688e-03  6.85553066e-03 -1.42161595e-02
     1.78248563e-03  7.56715797e-03 -1.53772803e-02  5.41641144e-03
    -6.86244853e-03  1.50168976e-02  3.59700085e-03  2.77737645e-03
     9.07103904e-03  2.08868552e-02 -5.06539410e-03  1.10404454e-02
     3.52134183e-03 -1.53235695e-03 -6.90004602e-03  8.51856396e-02
    -5.83504187e-03  1.26913767e-02 -2.54261065e-02 -6.18716178e-04
     3.71047817e-02  1.89599507e-02 -7.47809187e-02 -1.16307802e-01
     1.33480011e-02 -7.24353176e-03  4.33853902e-02 -1.23535292e-02]
   [ 1.14093982e-02 -3.64869162e-02 -5.31970011e-03 -8.28961581e-02
    -2.37708371e-02  6.32272288e-03 -1.49442628e-02  1.64400078e-02
    -7.35121071e-02  4.72033909e-03 -8.07549804e-03  5.09448983e-02
     1.51285576e-02 -1.35901021e-02  3.05142123e-02 -3.32595520e-02
     1.20469285e-02 -1.15563022e-02  5.45087904e-02  2.72773486e-02
     3.67613472e-02 -1.04715908e-02 -6.95925439e-03  5.79889901e-02
    -1.65668242e-02  4.47850116e-02 -3.14985961e-02  1.87879242e-02
    -1.52532861e-01  7.57137090e-02  1.19053898e-02 -6.64230529e-03
    -1.28915077e-02  9.00351806e-05 -9.98857524e-03 -5.05862013e-02
     2.17117071e-02  6.57238439e-03 -1.50812669e-02  1.69371385e-02
     1.86990364e-03  2.51088347e-02 -1.03345932e-02 -9.02153272e-03
     9.99800046e-04  8.09839088e-03 -9.61207692e-03 -5.99998655e-03
     2.21741642e-03  1.96936051e-03  3.01345363e-02  8.94515514e-02
    -1.05521297e-02  1.72761595e-03 -3.93880159e-03  2.31358595e-02
     3.05953044e-02  1.43835321e-02 -8.24310631e-02 -1.04812838e-01
     2.31357627e-02 -1.09593552e-02  4.67169024e-02 -4.86902054e-03]]

  [[-1.09408749e-02  3.30571160e-02 -3.73386056e-03  3.70301157e-02
    -2.73653157e-02  1.23361452e-02 -1.33890528e-02  3.77799086e-02
     1.53901763e-02  2.58554295e-02 -5.71063645e-02  1.51887760e-01
     1.45098433e-01 -2.78905444e-02  5.89161664e-02 -5.07885925e-02
     6.67499006e-02  4.74426858e-02  8.91226456e-02  4.07740884e-02
    -5.85265644e-02 -7.98450559e-02 -8.47610608e-02  9.99098197e-02
     1.11248512e-02 -2.00150516e-02 -6.65002763e-02 -8.65757242e-02
    -2.68140048e-01 -8.75981338e-03 -3.91709618e-02 -1.80671867e-02
     2.31971815e-02  4.15450186e-02 -3.39477579e-03 -4.09684144e-02
     2.41306759e-02  1.60828009e-02  1.30300373e-01 -5.35896681e-02
    -2.21677646e-02 -5.90588339e-02 -4.04104814e-02 -3.75137404e-02
    -1.50837209e-02  6.96754456e-03  2.44446024e-02 -1.94164049e-02
     5.21143898e-02 -1.09599968e-02  5.06067649e-02  1.07926726e-01
    -4.17618304e-02  1.62322558e-02 -3.86584736e-02 -9.33168158e-02
     7.20312968e-02  3.96720394e-02 -1.28297329e-01 -3.48982327e-02
     4.39180285e-02  2.96326745e-02 -8.46234411e-02  1.81096811e-02]
   [-4.83134389e-03  3.30513828e-02 -8.34638998e-02 -3.09350691e-03
    -1.19704913e-04  1.05133364e-02  1.08477764e-01  4.46415395e-02
     9.21361893e-03 -3.01897321e-02 -2.07005590e-02  1.20573692e-01
     8.68397392e-03 -2.06829496e-02  4.78569008e-02 -4.76821922e-02
     2.45954953e-02  1.32058188e-02  9.93756950e-02  5.39295524e-02
    -5.98582625e-02 -1.51298404e-01 -1.04262866e-01  1.06053583e-01
     1.23395855e-02  8.40963889e-03 -5.44020161e-02  3.32416557e-02
    -2.44965583e-01  1.93686448e-02 -1.11885760e-02 -6.39151782e-03
     2.30573509e-02  3.30084488e-02  7.85651244e-03 -7.31141642e-02
    -5.80329970e-02  9.43914056e-03 -8.31253454e-03 -3.49348923e-03
     2.88662277e-02  4.63977717e-02 -2.37062443e-02 -1.36246588e-02
     1.73295252e-02  3.77064198e-02 -1.15836095e-02 -9.54068173e-03
     4.15647253e-02  1.77198406e-02  1.26024345e-02  1.11086980e-01
    -2.75460426e-02  3.03268451e-02  2.94773541e-02  5.59961004e-03
     7.05316663e-02  4.38023917e-02 -1.16986305e-01 -5.29960506e-02
     4.55421843e-02  4.11381945e-03 -6.11779802e-02  1.26418825e-02]
   [-1.78069863e-02  2.50796005e-02  3.80301569e-03 -1.01226985e-01
     5.44976629e-02  4.51368615e-02 -2.78920680e-02  3.52266282e-02
     1.04060285e-02 -1.23300971e-02 -7.29248999e-03  1.27440035e-01
    -6.06965832e-02 -1.99746173e-02  5.58900163e-02 -9.38599557e-02
     2.09422167e-02 -3.86313163e-02  7.47757256e-02  4.93803285e-02
    -5.62414750e-02 -1.62895527e-02 -8.38549212e-02  3.46738212e-02
    -1.63442474e-02 -3.80416610e-03 -8.63563642e-02 -9.01037361e-03
    -2.75252312e-01 -3.19662690e-03 -2.83136708e-03 -4.23290431e-02
    -2.80471984e-02  3.28830555e-02 -2.57618036e-02 -9.25492793e-02
     5.13008330e-03  1.83852296e-02 -3.31513435e-02  4.01303209e-02
     1.03091775e-02  4.95216846e-02 -2.69682780e-02 -4.99057723e-03
     1.21186143e-02  2.45119054e-02  1.02213433e-03 -2.01033894e-02
     6.32797414e-03 -2.87408195e-02  5.80996685e-02  1.53662160e-01
    -2.80694775e-02  9.90168843e-03  4.11438048e-02  6.64414465e-02
     6.59342855e-02  3.20609920e-02 -1.16046205e-01 -4.83434089e-02
     7.09659085e-02  2.68629752e-03 -6.38199598e-02  3.34044509e-02]]

  [[-6.58971816e-02  1.39281765e-01 -1.87098868e-02  9.73707531e-04
     1.70495622e-02  1.45909479e-02 -8.05366505e-03  4.80750054e-02
     1.29165187e-01  2.36920137e-02 -7.05970600e-02  1.06508229e-02
     5.30458987e-02 -3.59222181e-02  6.72798604e-02 -7.30879977e-02
     5.99820800e-02  4.01459597e-02  7.50148892e-02  1.01126125e-02
    -8.06718320e-02 -1.28966838e-01  2.66580395e-02  1.34736486e-02
     8.81498028e-03 -1.21614700e-02 -7.91922882e-02 -7.17111379e-02
    -2.53220856e-01 -1.08191073e-01 -5.79770170e-02 -2.06442866e-02
     2.53542513e-02  2.17885450e-02 -1.77266765e-02  1.86495285e-03
    -1.50176110e-02  2.38314811e-02  8.71483684e-02 -6.37987256e-02
    -5.88355307e-03 -2.33977307e-02 -5.18503189e-02 -4.20338847e-02
    -6.91555487e-03  4.02800627e-02  6.40694275e-02 -3.23004983e-02
     6.69145435e-02  3.61000896e-02  4.02146131e-02  1.10552460e-01
    -5.00843078e-02  2.51437481e-02 -4.13695760e-02 -6.41032532e-02
     6.80447146e-02  4.15254571e-02 -9.44705829e-02  4.05842625e-02
    -5.10324538e-02  4.55302037e-02 -8.43978226e-02 -7.31740892e-03]
   [-7.32969493e-02  1.23714939e-01 -9.50310007e-02  3.99518833e-02
     1.36024244e-02 -2.82474607e-02  1.30624488e-01  5.20832054e-02
     1.28493190e-01 -3.83675806e-02 -4.78744656e-02  2.63125394e-02
    -1.02713946e-02 -3.61846872e-02  6.66234717e-02 -7.55985081e-02
     8.60325154e-03  6.48493506e-03  9.40699577e-02  4.72343992e-03
    -5.54126576e-02 -5.74849360e-02  2.08241902e-02  4.50571291e-02
    -3.65232641e-04 -2.17644870e-02 -5.52143008e-02 -3.41895357e-04
    -2.39706874e-01 -1.18966073e-01 -3.10752913e-02 -1.53622627e-02
     1.64871346e-02  2.99160928e-02 -2.51094997e-02 -3.76458131e-02
    -3.84414420e-02  2.88489908e-02 -1.83726773e-02 -3.92971858e-02
     4.35025394e-02  4.17691655e-02 -3.14026140e-02 -5.78626664e-03
     6.33828565e-02  5.75516671e-02  4.40893555e-03 -2.50596032e-02
     4.40810435e-02 -5.68264211e-03  6.74257800e-03  9.73671824e-02
    -4.45351638e-02  4.09922302e-02  2.16879230e-02  1.59316752e-02
     6.82610646e-02  4.61417101e-02 -9.72602293e-02  4.66517545e-02
    -1.23012885e-02  2.11188514e-02 -6.77238628e-02 -3.89359472e-03]
   [-7.16981962e-02  1.44586578e-01  5.18718734e-04 -9.64385569e-02
    -3.61553542e-02  4.01616283e-02 -2.62741074e-02  3.86151932e-02
     1.08323649e-01  9.88577027e-03 -2.05536410e-02  9.91316047e-03
     9.09304526e-03 -2.70300992e-02  6.38305470e-02 -1.04817078e-01
     6.40534516e-03 -4.99659851e-02  6.07568435e-02  7.17092399e-03
    -7.34006017e-02 -2.50422824e-02  2.67806668e-02  3.56885605e-02
    -2.66625118e-02 -2.43907031e-02 -7.83252567e-02 -1.90426558e-02
    -2.55417824e-01 -1.21123426e-01 -2.94554513e-02 -3.96707132e-02
    -3.42307463e-02  2.78795734e-02 -4.85221557e-02 -5.89793362e-02
    -5.78924641e-03  2.24040486e-02 -2.28473861e-02  6.16683736e-02
     2.00410318e-02  7.13834465e-02 -3.59472819e-02 -6.64179400e-03
     4.95936982e-02  4.14812230e-02 -5.00086369e-03 -2.81486921e-02
     3.64122912e-02 -5.06645534e-03  5.45125864e-02  1.21741176e-01
    -4.14683595e-02  2.46623158e-02  2.24248748e-02  5.55207618e-02
     6.26332760e-02  3.58991735e-02 -8.49383324e-02  3.89305428e-02
    -4.31866152e-03  1.78635251e-02 -7.26596564e-02  2.26536486e-03]]

  [[-2.33232137e-02  1.30703986e-01  1.19130430e-03  4.71259765e-02
    -7.20574171e-04  7.92154169e-04 -2.19312068e-02  3.74673158e-02
     1.47696240e-02  3.60899568e-02 -3.42661627e-02 -4.15183119e-02
     1.68884490e-02 -3.16927396e-02  4.04299423e-02 -5.59304655e-02
     6.26491085e-02  4.93486561e-02  1.66693870e-02 -9.66498926e-02
     3.61180417e-02  2.32305564e-02  6.66797385e-02 -3.90560902e-03
     1.84185971e-02  9.94512625e-03 -7.09696189e-02 -1.95124454e-03
    -1.66374624e-01  6.53731152e-02 -5.16802855e-02 -2.19146698e-03
     1.19489594e-03 -1.26594016e-02 -7.43880961e-03  1.13835735e-02
     2.34552622e-02  5.71773481e-03  6.81413859e-02 -4.35393266e-02
    -2.32670847e-02 -8.87856411e-04 -2.64005587e-02 -3.38844359e-02
    -2.45084204e-02  5.90211824e-02 -2.78853253e-02 -2.63996068e-02
     5.38676903e-02  9.40356478e-02  2.97806058e-02  7.45887458e-02
    -3.71208228e-02  8.02470651e-03 -2.30659582e-02 -6.07483350e-02
     4.06266339e-02  2.34023053e-02  3.28103192e-02  7.76638240e-02
    -8.94569978e-02  2.25245953e-02  1.36904875e-02 -2.02550013e-02]
   [-3.67111266e-02  1.32077932e-01 -6.70149550e-02  2.21223198e-02
    -2.67360229e-02 -1.83624146e-03  1.18974850e-01  4.34876643e-02
     1.64552983e-02 -3.49293239e-02 -1.03468299e-02 -5.87047227e-02
     5.35444217e-03 -3.39888334e-02  3.62338312e-02 -6.77848905e-02
     7.64483993e-04  1.40882516e-02  4.39259671e-02 -1.24196596e-01
     5.13223447e-02 -6.82831407e-02  5.71109876e-02  1.14697469e-02
     2.49140579e-02  2.21093241e-02 -5.19238301e-02  5.24426950e-03
    -1.92280382e-01  4.47957031e-02 -3.01465373e-02  1.86971738e-03
     2.59581804e-02 -1.61943305e-02 -3.17242369e-02 -9.25835595e-03
    -5.55196218e-03  3.73587175e-03  6.18475303e-03 -1.29385432e-02
     2.55033886e-03  2.90140286e-02 -2.42422801e-02 -1.70192332e-03
     5.58891445e-02  6.83071837e-02 -6.37950376e-02 -7.13343732e-03
     5.30569702e-02  5.19634001e-02  9.88055300e-03  1.04695581e-01
    -2.21047923e-02  1.99771523e-02  1.46351801e-02 -8.20673164e-03
     3.92468497e-02  2.55385637e-02  4.23987694e-02  7.57493749e-02
    -8.20113942e-02  9.08984989e-03  3.77381849e-03 -4.33955062e-03]
   [-2.92783640e-02  1.53567195e-01  9.89728794e-03 -5.66328913e-02
     2.24211980e-02  3.73620391e-02 -2.21444778e-02  2.65315957e-02
     2.07889564e-02 -1.05845230e-02 -1.30097969e-02 -3.82611528e-02
    -4.50937822e-02 -1.68209728e-02  4.11124192e-02 -8.06057304e-02
     1.71010923e-02 -2.89015044e-02  1.94511656e-03 -1.07644252e-01
     4.62131836e-02  4.12108712e-02  5.48380874e-02 -5.83226793e-03
    -2.69364857e-04  1.69170611e-02 -7.53769502e-02 -1.19116753e-02
    -1.84421301e-01  3.62464897e-02 -2.99215522e-02 -3.16254608e-02
    -3.60674076e-02 -1.48758842e-02 -2.94545162e-02 -4.34309021e-02
     2.96123768e-03  1.29903806e-02 -5.05506247e-03  2.86927484e-02
    -1.13893356e-02  1.02017727e-02 -2.66376603e-02  1.90671533e-03
     3.27043496e-02  7.72399232e-02 -3.70389186e-02 -2.11090613e-02
     2.18084790e-02  2.39780210e-02  3.21714506e-02  6.85925782e-02
    -2.69452259e-02  5.19754877e-03  1.51795959e-02  3.29115987e-02
     3.72161381e-02  1.75669305e-02  2.70685069e-02  7.44695365e-02
    -6.73616827e-02  6.86052628e-03  1.50358137e-02 -2.24170950e-03]]

  [[-5.87017322e-03 -1.24519542e-02  9.02684219e-03  1.14006866e-02
     7.44683295e-03  3.13646160e-02 -1.08907204e-02  2.44534947e-02
    -3.66618782e-02  2.19332054e-02  1.63290766e-03 -2.28544250e-02
    -6.33915514e-02  2.11416022e-03  1.78601947e-02 -2.81010512e-02
     1.85972173e-02  1.82799939e-02 -7.11698877e-03 -1.39359415e-01
     3.52444500e-02  1.68841332e-02  1.49444696e-02 -9.92092583e-03
    -1.39485830e-02 -3.12232468e-02 -3.37885879e-02 -2.12089755e-02
    -6.15350232e-02 -1.43573631e-03 -1.89221501e-02 -7.63463182e-03
    -2.21941005e-02 -1.03967525e-02 -6.17627008e-03  1.35686900e-02
     1.20591996e-02  1.17690200e-02  4.03975584e-02 -2.14306396e-02
    -7.83256907e-03  3.15500074e-04 -5.04038297e-03 -1.96643453e-02
    -1.36373900e-02  4.91521619e-02  4.74583432e-02  6.51431270e-03
     2.79192347e-02  4.04465944e-02  1.57306269e-02  3.69279385e-02
    -2.40260493e-02 -9.62354895e-03 -9.57689015e-04 -6.91562612e-03
     2.29834002e-02  1.12778330e-02  8.04079920e-02  2.34849807e-02
     2.77285445e-02  1.29072713e-02  2.77922805e-02 -4.26997151e-03]
   [-3.70938587e-03 -2.96591315e-02 -1.53934471e-02  1.01130093e-02
     3.36909783e-03  1.70635190e-02  2.91726291e-02  1.17678875e-02
    -2.28561182e-02 -1.25344880e-02 -1.30587420e-03 -1.84779353e-02
    -1.52052278e-02  8.45186226e-03  1.15112048e-02 -2.98356730e-02
     1.20598767e-02  1.19262990e-02 -4.52832319e-03 -1.20753862e-01
     3.83443087e-02  2.78933477e-02  1.19162286e-02  5.49766351e-04
     2.04349705e-03 -3.23603526e-02 -2.03529280e-02 -1.20209232e-02
    -6.80463538e-02  1.48749838e-04 -9.99372546e-03 -6.48329593e-03
    -1.75391999e-03  6.57983474e-04  3.01388069e-03  1.45523972e-03
     2.48095151e-02  2.53143515e-02  1.48705067e-03 -3.13791335e-02
     8.98571871e-03  2.92116720e-02 -5.68255130e-03 -3.40182419e-06
    -4.20508659e-05  3.62370647e-02 -1.63357556e-02  3.35261901e-03
     7.80354952e-03  6.12587621e-03  3.03195696e-03  4.52672765e-02
    -1.05252210e-02 -3.09668458e-03  5.58017660e-03 -5.19907847e-03
     2.97185760e-02  1.50149316e-02  8.05344433e-02  2.54842732e-02
     2.52155662e-02  1.83533281e-02  4.49737944e-02 -1.70194004e-02]
   [-8.25107377e-03  2.41933670e-03  7.60885980e-03 -2.10681446e-02
    -3.18587990e-03  4.31120805e-02 -1.16256876e-02  1.56481136e-02
    -4.28472422e-02 -5.13659185e-03  5.45062404e-03 -2.82252170e-02
    -3.42695005e-02  3.84669285e-03  1.22406753e-02 -3.45425084e-02
     1.53634080e-03 -2.93820305e-03 -1.47341033e-02 -1.25035167e-01
     2.97991633e-02  3.92030133e-03 -2.55551748e-03 -1.09729217e-02
    -3.89815657e-03 -2.88395118e-02 -3.82474773e-02  1.07465731e-02
    -6.68247864e-02 -3.55220889e-03 -2.79679406e-03 -9.86943766e-03
    -1.34102181e-02 -4.35731094e-03 -5.88110881e-03 -2.50709392e-02
     5.63517539e-03  1.63435191e-02  1.24483509e-03  4.21795882e-02
     1.17886136e-03 -2.92499922e-03 -1.24174912e-04 -9.16912593e-03
     1.48065891e-02  5.38998321e-02  9.41487961e-03 -6.50133588e-05
     1.47090461e-02  9.35778208e-03  1.13595920e-02  1.72605272e-02
    -1.07057756e-02 -1.10500371e-02 -1.51991304e-02 -9.40504018e-04
     1.47799421e-02  4.65131877e-03  6.72186986e-02  3.79249677e-02
     3.04873865e-02  1.95334386e-02  3.36485133e-02 -5.07211778e-03]]]]
