tensor_name:  generator/g_bn3/beta
[-0.694014   -1.303058   -0.29235354 -0.9704451  -0.37755692 -0.4019036
 -0.48327002 -0.32122964 -1.1061599  -0.4897386  -0.8327061  -1.0882605
 -0.59082586 -0.19983785 -0.5087561  -0.54067606 -0.07853319 -0.18111204
 -0.6788529  -1.1642586  -0.93411887 -0.74319637 -1.088372   -0.55986047
 -0.2794725  -0.62283343 -0.9965087  -0.7095662  -1.2886384  -1.1452494
 -0.36828876 -0.3035143  -0.2107471  -0.39014685 -0.5678495  -0.6413163
 -0.16895574 -0.33594537 -0.4640382  -0.45825696 -0.20698282 -1.0509362
 -0.4364342  -0.41744614 -0.6684982  -1.2894614  -0.40592763 -0.46012107
 -0.49241838 -0.5790146  -0.16780059 -1.3475652  -0.18093254 -0.37766182
 -0.55318    -0.42741215 -0.3786947  -0.0717492  -1.1684042  -1.1560464
 -0.9280247  -0.17658488 -1.2864774  -0.3196347 ]
