tensor_name:  generator/g_bn0/gamma
[0.7925524  0.7287648  0.7541239  0.9139528  0.87645334 0.61138314
 0.7289789  0.826713   1.4114242  0.9111533  0.72099966 0.8635139
 0.7312054  0.7372892  0.838864   0.8251973  0.47893238 1.098164
 0.9632374  0.74832517 0.56587344 0.63653266 0.88591516 0.84118944
 1.1922133  0.5838821  0.69254416 0.5383751  0.51958114 0.924114
 0.7444804  0.90430176 0.6850878  1.306241   0.6550576  0.6730115
 0.6713245  0.6674603  1.1825281  0.92554665 1.1877729  0.9429112
 1.2095803  0.79406315 0.92763066 0.7191515  0.8916589  0.8854695
 0.61756855 1.1697149  1.0904104  1.0459427  0.7474201  0.7435069
 0.6310804  0.6329457  1.441357   0.92725354 0.9702588  0.6791197
 1.1432365  0.6850729  1.2218988  1.5063301  1.1191671  0.6281965
 0.98304206 1.0123777  0.7853104  0.5634674  1.223671   0.93231285
 0.6385069  0.6384197  0.853231   0.6057641  0.72369933 1.1256694
 0.6799192  0.8134174  0.839083   0.6701948  0.8590803  1.1315404
 1.0594661  0.7118602  1.1373178  0.73072726 0.8940561  0.76958156
 0.8305969  0.45298105 1.634548   0.79183346 0.7832855  1.5267756
 0.5748748  0.8491798  0.6624028  1.2370299  0.75317514 0.8505004
 1.2656225  0.5999063  0.81584704 1.097007   1.7035406  0.6856779
 0.7405511  0.5483935  1.0746607  0.8189038  0.6248425  0.7263091
 0.72856396 0.740502   0.88765824 1.1033242  0.72755855 0.60007125
 0.85154194 0.9476778  0.6631951  0.48673868 0.55030876 0.7069469
 0.933235   1.0913523  0.7827069  0.93589866 0.829772   0.8999652
 0.60662836 0.72368395 0.9216845  1.029574   1.025256   1.3145088
 2.061139   0.9074234  0.8825368  0.5697527  0.73092467 0.83069575
 1.5952086  1.0492749  0.6499636  0.77681583 0.7706753  0.74105704
 0.65284497 1.0654485  0.49309638 0.6151024  0.9751346  0.74963814
 0.72357184 0.9110324  1.1146673  0.6235642  0.67000467 1.1909103
 0.80644566 1.3293022  0.52535075 0.73191077 0.7220877  0.93535197
 0.6158454  0.60303116 0.72285736 0.70629466 0.9412965  0.7673213
 1.4898131  0.82960534 1.3172197  0.6032818  0.6931339  1.2043742
 1.2313297  0.9491704  0.7015772  1.2993937  0.7211822  0.5323263
 0.8550054  0.7895821  0.65866    0.54389787 1.1441311  0.59324116
 0.62185407 0.9012791  1.0552716  0.7146829  1.2583108  1.2897455
 0.6992948  0.7591558  0.72312456 1.3065449  1.37794    0.69132626
 1.8189019  1.2423929  0.7255361  0.6680885  0.77255946 1.2505472
 0.8032987  1.4434004  0.997933   0.8369387  1.2242774  0.86206025
 0.85993975 0.6516843  0.8221802  1.2595166  1.1584327  1.0063534
 0.96464485 1.0478712  0.69403446 0.6883435  0.7840202  0.8838264
 0.5638591  0.7163197  0.54711604 0.5621292  0.52733666 0.85536367
 1.1055727  0.6388841  0.93698937 0.6636681  0.58505404 1.0296851
 0.7369734  1.0728166  1.0268425  0.66664064 0.80903727 0.6871464
 0.79934466 1.1843127  0.71336716 1.4359378  1.0803223  0.7890871
 0.67937434 0.92079335 0.7467629  1.4589976  0.9186025  0.89802074
 1.0729604  1.0182409  0.52188164 0.6701623  1.3345418  0.85862994
 1.3059522  0.463093   0.5948126  1.5102384  1.9890833  0.92427444
 1.0152996  0.7969558  0.7901422  0.72235155 0.6126434  0.84208614
 0.6874887  1.1889436  1.2929833  0.5552885  1.0749073  0.66859746
 0.7717389  1.3411846  0.64698046 0.77124804 0.7754971  0.7487384
 0.8059143  0.52065945 0.88217324 0.6720349  0.88051766 0.96635896
 1.145023   1.3610826  1.152633   0.7635389  0.670749   0.7788836
 0.8458917  0.67774194 0.904129   1.2806971  1.2657095  0.59644556
 0.76477474 0.73838717 0.5207567  0.68450236 1.0767491  0.7839577
 1.1130552  1.3752195  1.0023326  0.83024913 1.1074086  0.82096887
 0.6046774  0.6452744  0.7844276  0.63783205 0.8419388  0.7124459
 1.0272206  0.9012425  1.1324675  1.428107   1.2589667  1.1906097
 0.71275693 1.5294944  1.0388482  0.66083544 0.97844404 1.3644991
 0.5986525  0.80234015 0.9659552  0.6418053  0.6317926  0.6832299
 1.0521661  0.8515685  1.7519134  1.2026196  0.8213559  0.8148701
 0.92771274 0.69450223 0.7041823  1.1949068  0.94012594 1.1813861
 0.6361669  0.6660994  0.70184624 0.79491043 0.89986646 0.7882295
 0.88948166 1.0255551  0.96687126 0.85645854 1.2419578  0.57768846
 0.8331098  0.81715804 1.3179597  0.6641136  0.9397006  0.88108206
 0.69829637 0.9853457  1.5380592  0.911882   0.7922654  1.2012994
 0.94048226 0.8045276  0.71777636 0.72793275 0.5160622  0.7559441
 0.75599426 0.7485234  0.74753624 0.7157884  1.438422   0.7744598
 0.67383564 0.8144888  0.88729846 1.0619642  0.6734487  0.61113554
 1.0287782  0.93742406 0.709781   0.85625    0.7679737  0.8465419
 1.3729099  0.9692943  1.1965916  1.0863304  0.54735637 0.55713016
 0.7161379  0.85226953 0.76558113 0.69173837 0.70979464 0.75081223
 0.4626941  0.5829699  0.8355964  0.83251756 1.0566831  0.77792764
 0.7428409  0.7376708  1.7529962  0.5072367  1.6695584  0.8512809
 0.96742624 0.8484373  1.170873   0.7320126  0.6499695  0.73270917
 0.41833767 0.5677661  0.67001927 0.646837   1.3101891  1.1960293
 1.0356807  0.7574125  0.8732587  1.2150254  0.7344154  0.95179003
 0.860363   0.68549776 0.61926734 0.77607787 1.1273336  1.6206071
 0.75392824 1.2748147  0.7245747  0.6960862  0.822995   0.74800324
 0.63305044 0.6104653  0.79376006 0.8196715  0.8432726  1.0439191
 0.66659415 0.68594503 0.93523365 0.87573457 0.719783   0.9716348
 0.61427903 0.57247466 0.8859092  0.70555013 0.67056686 0.7412514
 0.836109   1.2254554  0.7626045  0.8120039  1.8306175  0.6229855
 0.7900251  0.75371337 0.9521949  0.5665106  0.6190239  1.3943188
 0.6192099  0.8602166  0.9765653  0.79858255 1.5783423  0.8839149
 0.78436905 0.69499826 0.5117342  0.9026084  0.7724583  0.7313415
 0.9354565  0.6651176  0.67099273 0.8050879  1.2012341  0.40738845
 0.64427626 0.803932   0.9075503  0.5089428  0.67681867 0.7430241
 0.64818144 0.96093714]
