tensor_name:  generator/g_bn0/beta
[-0.1812632  -0.5128453  -0.3456787  -0.52256167 -0.36750165 -0.5009393
 -0.5468204  -0.2759168  -0.15807293 -0.25767753 -0.46459424 -0.11399157
 -0.506974   -0.36969262 -0.16810355 -0.1887885  -0.56673    -0.2599069
 -0.29805487 -0.4554248  -0.5132571  -0.3783801  -0.34772643 -0.66961986
 -0.3709514  -0.32337025 -0.7115582  -0.40565923 -0.39950293 -0.59948164
 -0.19315287 -0.07265425 -0.24931288 -0.11318342 -0.36085865 -0.2962516
 -0.49304223 -0.38875714 -0.4984238  -0.22425994 -0.41837347 -0.5603802
 -0.4851061  -0.24623853 -0.49257183 -0.4455401  -0.2445416  -0.3813425
 -0.42559236 -0.44685158 -0.27853316 -0.26949325 -0.4276811  -0.1112734
 -0.50482863 -0.5206293  -0.18177111 -0.4109206  -0.0703093  -0.28611043
 -0.37020376 -0.5280225  -0.38460493 -0.30864215 -0.6463946  -0.5111983
 -0.39208513 -0.59562075 -0.20931663 -0.74499696 -0.62934464 -0.52648264
 -0.48908824 -0.48942876 -0.20938702 -0.7376341  -0.18139508 -0.540712
 -0.33515024  0.09449457 -0.51340824 -0.47876912 -0.37313545 -0.3745593
 -0.28457955 -0.38832238 -0.3059365  -0.50681645  0.06403779 -0.24830064
 -0.10906555 -0.75541216 -0.19658169 -0.14348665 -0.1721171  -0.27844122
 -0.33631518 -0.30845028 -0.8470606  -0.1760669  -0.4936697  -0.22916605
 -0.5369981  -0.57407725 -0.42830765 -0.17278375 -0.4174669  -0.26545602
 -0.12346536 -0.22860013 -0.3263324  -0.5802719  -0.40598112 -0.33058614
 -0.16873136 -0.37801266 -0.2150721  -0.55354977 -0.3982885  -0.2934243
 -0.3759218  -0.3209777  -0.51862234 -0.7271456  -0.66544175 -0.20738457
 -0.11766364 -0.47948763 -0.2535801   0.0737123  -0.52864003 -0.44113353
 -0.4898649  -0.35939455 -0.42245606 -0.22836153 -0.31555733 -0.3786116
 -0.21767135 -0.13702345 -0.28882304 -0.4565248  -0.5164015  -0.21280637
 -0.2009016  -0.3491274  -0.35304895 -0.41725132 -0.4435538  -0.5858538
  0.0388928  -0.2707577  -0.6649271  -0.54747117 -0.43514845  0.03505154
 -0.23716414 -0.37223396 -0.2577009  -0.36540964 -0.31406826 -0.31612802
 -0.28640285 -0.43706432 -0.57840806 -0.58733976 -0.3872982  -0.5866385
 -0.6214951  -0.47968587 -0.50934565 -0.7202228  -0.43292192 -0.324235
 -0.31948182 -0.23952566 -0.3367013  -0.4739692  -0.4706356  -0.30855653
 -0.20344797 -0.37006834 -0.29313135 -0.39762333 -0.6087084  -0.30761552
 -0.05079802 -0.32867557 -0.32422802 -0.54017735 -0.47020295 -0.33348024
 -0.674311   -0.5113481  -0.3794537  -0.57761985 -0.8216793  -0.32401595
 -0.2532497  -0.02432755 -0.42695317 -0.47010142 -0.42593056 -0.43032548
 -0.23416539 -0.55974615 -0.3101273  -0.32774135 -0.63349164 -0.5255859
 -0.54756314 -0.14657761 -0.36096087 -0.62586105 -0.36432406 -0.06244135
 -0.5541933  -0.15071462 -0.5997798  -0.185491   -0.07414874 -0.31423005
 -0.21692471 -0.46057153 -0.32085916 -0.2357855  -0.16045758 -0.5952639
 -0.46932566 -0.20562302 -0.51654035 -0.60866857 -0.74642766 -0.40592965
 -0.35520875 -0.6541702  -0.35825992 -0.11828247 -0.5012655  -0.465348
 -0.514745   -0.22907989 -0.36998305 -0.22619727 -0.35660776 -0.26675355
 -0.04076462 -0.4280616  -0.62848204 -0.23791295 -0.3309705  -0.39276117
 -0.6141995  -0.6232768  -0.17616767 -0.26622438 -0.39463952 -0.61768615
 -0.29000354 -0.24561551 -0.63218564 -0.33043978 -0.31055018 -0.06070394
 -0.43511033 -0.68276685 -0.44854367 -0.34381935 -0.222514   -0.39903644
 -0.29965782 -0.45882362 -0.6447165  -0.43251824 -0.41705087 -0.0331696
 -0.39412147 -0.30422917 -0.2289645  -0.6173585  -0.24069458 -0.30492035
 -0.53835726 -0.1346448  -0.44791418 -0.5394088  -0.19897556 -0.23822567
 -0.5786806  -0.56002575 -0.01717451 -0.38362238 -0.20321056 -0.33830556
 -0.4771809  -0.11462158 -0.56656504 -0.03208872 -0.14835896 -0.4343318
 -0.21126303 -0.30419725 -0.29651108 -0.30676076 -0.26559466 -0.41889912
 -0.7164895  -0.21502994 -0.4874666  -0.54559743 -0.5458604  -0.4991461
 -0.38997915 -0.42755008 -0.30970335 -0.30158827 -0.2615317  -0.1726657
 -0.55642235 -0.3473735  -0.43414974 -0.27555415 -0.583365   -0.5010523
 -0.33050492 -0.56512463 -0.22480144 -0.31356147 -0.39332986 -0.34950116
 -0.38998646 -0.48137635 -0.3140273  -0.6106975  -0.48110116 -0.3704466
 -0.47160122 -0.29467437 -0.44737294 -0.5137632  -0.38727954 -0.3328455
 -0.26394123 -0.4226763  -0.29317698 -0.31074765 -0.37400657 -0.20957413
 -0.4607926  -0.27876577 -0.2924991  -0.15175301 -0.60339767 -0.29966304
 -0.28395358 -0.6421589  -0.19974633 -0.44923317 -0.3039269  -0.09484915
 -0.05548198 -0.41377875 -0.5263703  -0.35026518 -0.49632093 -0.6327466
 -0.49235746 -0.46495175 -0.45811832 -0.05465348 -0.02827451 -0.64209676
 -0.30883583 -0.5140843  -0.08011644 -0.14251222 -0.482867   -0.5830487
 -0.15341468 -0.33794767 -0.14998393 -0.2077505  -0.5139653  -0.04188764
 -0.5156863  -0.3773912  -0.12161904 -0.34223303 -0.39390633 -0.30092296
 -0.40775862 -0.41843426 -0.20882519 -0.2584152  -0.2820585  -0.16491196
 -0.6184334  -0.20138118 -0.51976067 -0.51430327 -0.37161088 -0.38098046
 -0.43712473 -0.39941525 -0.15861037 -0.42456707 -0.64859855 -0.27789828
 -0.4824419  -0.554744   -0.3877146  -0.2463283  -0.29714933 -0.18127461
 -0.7009313  -0.30070266 -0.3249389  -0.5754417  -0.22608049 -0.3978254
 -0.55474776 -0.44982082 -0.1583448  -0.68925905 -0.37666944 -0.38023528
 -0.5905314  -0.6161378  -0.2378358  -0.34217    -0.3668781  -0.38517475
 -0.48833045 -0.51335245 -0.34436637 -0.5355765  -0.4488173  -0.53357935
 -0.50273377 -0.34205174 -0.05848095 -0.47666946 -0.51972526 -0.04708216
 -0.2883509  -0.149583   -0.18051504 -0.48157218 -0.50178    -0.17678405
 -0.4546197  -0.45259634 -0.44466135 -0.26578045 -0.12598716 -0.19077235
 -0.3975559  -0.25256366 -0.5439927  -0.17717727 -0.41244698 -0.46726534
 -0.22892138 -0.2189016  -0.37992188 -0.523165   -0.1871204  -0.3329884
 -0.55611694 -0.5943913  -0.10650722 -0.28762943 -0.44596374 -0.281064
 -0.28632915 -0.3708292  -0.23102257 -0.08504445 -0.2302146  -0.47191402
 -0.2837544  -0.28556615 -0.2623298  -0.68469447 -0.459511   -0.27693918
 -0.4980694  -0.23263958 -0.39192843 -0.38318962 -0.30827042 -0.2872457
  0.04001673 -0.49977392 -0.5904617  -0.30062836 -0.33489466 -0.4054281
 -0.396469   -0.3803593  -0.2178013  -0.30903956 -0.23477052 -0.7288006
 -0.394917   -0.53461516 -0.3829306  -0.67982507 -0.19085073 -0.05994307
 -0.27997884 -0.51040804]
